	TRACK_ID	FRAME	POSITION_X	POSITION_Y
1	1	0	334.113	263.171
2	1	1	340.126	267.114
3	1	2	340.915	271.394
4	1	3	344.212	281.394
5	1	4	341.069	287.1
6	1	5	339.356	289.039
7	1	6	346.031	284.132
8	1	7	342.583	285.649
9	1	8	341.415	286.904
10	1	9	346.914	285.021
11	1	10	348.559	285.132
12	1	11	345.989	284.749
13	1	12	345.097	284.814
14	1	13	345.416	285.153
15	1	14	347.127	283.166
16	1	15	346.843	284.739
17	1	16	345.751	284.356
18	1	17	346.213	285.044
19	1	18	346.35	282.388
20	1	19	345.745	284.944
21	1	20	345.455	285.775
22	1	21	345.12	283.254
23	1	22	344.49	284.886
24	1	23	346.198	284.523
25	1	24	348.425	283.611
26	1	25	347.801	284.455
27	1	26	345.433	284.42
28	1	27	347.864	283.211
29	1	28	346.693	284.881
30	1	29	347.518	286.853
31	1	30	346.544	283.367
32	1	31	345.881	285.502
33	1	32	346.298	285.927
34	1	33	346.399	286.285
35	1	34	345.969	285.284
36	1	35	345.663	285.776
37	1	36	346.077	284.215
38	1	37	345.691	284.668
39	1	38	346.064	284.944
40	1	39	345.556	284.959
41	1	40	346.084	284.433
42	1	41	345.907	285.314
43	1	42	346.094	286.483
44	1	43	346.365	285.037
45	1	44	347.402	288.029
46	1	45	347.171	290.461
47	1	46	346.218	285.096
48	1	47	344.288	289.354
49	1	48	346.124	285.965
50	1	49	345.755	285.969
51	1	50	344.033	287.888
52	1	51	348.29	285.159
53	1	52	345.32	286.36
54	1	53	350.1	286.243
55	1	54	353.744	293.807
56	1	55	352.317	298.575
57	1	56	349.441	303.25
58	1	57	334.027	303.323
59	3	0	147.694	404.62
60	3	1	149.132	402.835
61	3	2	147.783	401.34
62	3	3	157.007	403.706
63	3	4	155.109	401.907
64	3	5	158.709	396.967
65	3	6	158.342	391.716
66	3	7	159.595	388.237
67	3	8	165.88	387.904
68	3	9	166.49	387.579
69	3	10	168.131	384.327
70	3	11	165.163	383.09
71	3	12	162.093	378.838
72	3	13	157.577	385.812
73	3	14	156.665	381.259
74	3	15	155.64	381.712
75	3	16	155.778	380.856
76	3	17	160.009	377.252
77	3	18	159.743	379.414
78	3	19	153.736	379.634
79	3	20	155.964	379.289
80	3	21	155.724	375.852
81	3	22	153.146	369.973
82	3	23	153.63	367.771
83	3	24	154.486	374.879
84	3	25	154.494	385.731
85	6	0	515.346	200.426
86	6	1	521.205	202.326
87	6	2	521.234	187.429
88	6	3	524.126	182.817
89	6	4	544.297	179.638
90	6	5	551.984	168.103
91	6	6	558.555	163.992
92	6	7	554.037	161.591
93	6	8	555.763	166.068
94	6	9	556.16	166.629
95	6	10	556.143	164.835
96	6	11	557.244	163.731
97	6	12	557.583	164.884
98	6	13	569.031	183.243
99	6	14	573.781	187.829
100	6	15	583.669	187.4
101	6	16	593.089	183.789
102	6	17	600.562	184.778
103	6	18	608.458	182.229
104	6	19	614.514	175.208
105	6	20	615.815	171.164
106	6	21	621.162	169.34
107	6	22	628.19	166.436
108	6	23	636.621	162.45
109	6	24	639.57	157.379
110	6	25	637.926	160.807
111	6	26	637.501	159.481
112	6	27	637.512	159.31
113	6	28	631.97	172.797
114	6	29	623.652	179.137
115	6	30	619.137	180.803
116	6	31	619.255	179.951
117	6	32	611.695	180.762
118	6	33	610.071	183.383
119	6	34	619.5	181.602
120	6	35	622.927	184.392
121	6	36	638.987	189.392
122	6	37	620.044	201.485
123	6	38	621.411	209.841
124	6	39	629.465	213.882
125	6	40	639.01	217.541
126	6	41	639.618	216.447
127	6	42	632.302	214.337
128	6	43	647.98	212.34
129	6	44	649.926	212.61
130	6	45	649.999	220.023
131	6	46	629.057	224.442
132	6	47	631.866	219.448
133	6	48	636.827	217.149
134	40	40	203.902	376.011
135	40	41	205.439	370.368
136	40	42	199.127	367.423
137	40	43	199.7	366.581
138	40	44	203.468	375.959
139	40	45	201.916	358.921
140	40	46	209.158	360.316
141	40	47	202.109	358.821
142	40	48	202.29	362.714
143	40	49	194.183	374.642
144	40	50	185.573	363.661
145	40	51	181.127	363.18
146	40	52	176.89	360.212
147	40	53	172.402	364.351
148	40	54	174.438	371.368
149	40	55	174.649	361.819
150	40	56	167.534	364.431
151	40	57	161.496	366.257
152	40	58	163.982	368.908
153	40	59	169.816	363.943
154	40	60	179	366.303
155	40	61	182.705	359.846
156	40	62	186.992	360.315
157	40	67	181.489	375.319
158	40	68	172.804	369.472
159	40	69	168.446	365.444
160	40	70	175.5	358.282
161	40	71	179.168	356.652
162	40	72	181.508	347.892
163	40	73	190.498	339.686
164	40	74	194.674	339.608
165	40	75	192.952	337.086
166	40	76	191.909	339.655
167	40	77	186.706	342.79
168	40	78	185.686	350.575
169	40	79	187.498	349.193
170	40	80	190.707	347.937
171	40	81	185.437	354.1
172	40	82	181.625	349.538
173	40	83	174.164	354.852
174	40	84	169.724	358.155
175	40	85	168.645	354.865
176	40	86	158.571	357.829
177	40	87	151.952	353.133
178	40	88	150.64	362.616
179	40	89	154.084	356.782
180	40	90	153.258	355.401
181	40	91	154.117	354.316
182	40	92	161.157	355.898
183	40	93	160.45	357.353
184	40	94	175.043	353.749
185	40	95	178.167	349.982
186	40	96	171.682	358.634
187	49	57	156.676	381.365
188	49	58	151.081	379.411
189	49	59	152.981	377.672
190	49	60	162.59	383.404
191	49	61	159.535	384.379
192	49	62	160.053	383.929
193	49	63	162.53	385.604
194	49	64	179.234	372.717
195	49	65	188.722	372.479
196	49	66	182.361	365.111
197	49	67	182.943	359.271
198	49	68	170.321	353.341
199	49	69	163.703	347.876
200	49	70	168.63	341.246
201	49	71	173.015	340.987
202	49	72	169.447	339.494
203	49	73	174.311	333.371
204	49	74	178.08	345.112
205	49	75	175.703	349.243
206	49	76	173.632	345.729
207	49	77	169.662	350.107
208	49	78	169.365	349.925
209	49	79	170.434	344.867
210	49	80	172.348	339.533
211	50	58	297.841	306.449
212	50	59	295.387	303.305
213	50	60	294.504	298.589
214	50	61	292.044	294.704
215	50	62	287.52	296.453
216	50	63	295.022	288.665
217	50	64	277.903	304.009
218	50	65	259.353	302.213
219	50	66	255.127	297.8
220	50	67	262.655	294.99
221	50	68	264.32	294.387
222	50	69	268.136	282.849
223	50	70	260.216	279.929
224	50	71	254.773	273.39
225	50	72	252.584	281.94
226	50	73	252.223	283.283
227	50	74	242.049	267.188
228	50	75	242.427	259.744
229	50	76	246.855	257.221
230	50	77	240.712	275.824
231	50	78	241.641	273.054
232	50	79	236.115	272.029
233	50	80	233.387	278.609
234	50	81	232.436	277.57
235	50	82	228.822	279.642
236	50	83	216.733	272.353
237	50	84	215.421	277.624
238	50	85	219.251	279.02
239	50	86	225.398	282.938
240	50	87	219.35	293.904
241	50	88	213.445	298.229
242	50	89	211.292	290.097
243	50	90	209.095	283.936
244	50	91	201.084	291.376
245	50	92	202.119	298.12
246	50	93	194.239	294.092
247	50	94	194.991	296.262
248	50	95	205.495	295.291
249	50	96	207.219	296.106
