	TRACK_ID	FRAME	POSITION_X	POSITION_Y
1	13	0	99.808	402.424
2	13	1	102.061	401.264
3	13	2	98.725	411.132
4	13	6	90.129	422.432
5	13	7	104.515	431.626
6	13	8	113.135	430.256
7	13	9	123.76	421.164
8	13	10	132.585	422.567
9	13	11	132.679	419.506
10	13	12	134.995	408.562
11	13	13	135.833	404.57
12	13	14	134.717	428.182
13	13	15	125.131	427.447
14	13	16	120.264	441.488
15	13	17	112.29	429.69
16	13	18	121.258	425.314
17	13	19	128.023	425.774
18	13	20	129.377	426.003
19	13	21	131.114	423.172
20	15	0	224.687	455.368
21	15	1	220.209	458.694
22	15	2	224.952	460.502
23	15	3	222.292	479.396
24	15	4	225.625	475.756
25	15	5	234.33	457.301
26	15	6	238.263	462.457
27	15	7	242.251	462.815
28	15	8	240.256	457.84
29	15	9	237.74	449.274
30	15	10	232.336	434.464
31	15	11	227.705	424.845
32	15	12	235.658	441.209
33	15	13	243.73	436.34
34	15	14	244.374	440.896
35	15	15	244.128	435.739
36	15	16	239.161	419.612
37	15	17	241.976	422.091
38	15	18	243.321	415.408
39	15	19	250.669	420.243
40	15	20	261.962	418.702
41	15	21	264.236	412.674
42	15	22	273.74	417.357
43	15	23	289.362	419.386
44	15	24	280.667	426.62
45	15	25	294.566	430.615
46	15	26	299.866	445.882
47	15	27	292.065	433.015
48	15	28	294.432	436.564
49	16	0	664.95	541.45
50	16	1	664.95	539.5
51	16	2	664.95	538.85
52	16	3	664.95	538.2
53	16	4	660.951	540.219
54	16	5	646.837	542.992
55	16	6	646.349	541.302
56	16	7	633.096	548.326
57	16	8	617.471	551.302
58	16	9	603.473	549.968
59	16	10	604.483	550.048
60	16	11	599.047	549.134
61	16	12	592.228	565.465
62	16	13	581.633	549.074
63	16	14	576.951	546.565
64	16	15	598.865	555.392
65	16	16	606.535	558.35
66	16	17	605.746	553.793
67	16	18	610.769	549.016
68	16	19	596.089	563.448
69	16	20	593.442	574.832
70	16	21	590.01	580.764
71	16	22	585.067	589.775
72	16	23	585.566	591.733
73	16	24	585.081	591.022
74	16	25	587.99	590.418
75	37	7	536.234	305.642
76	37	8	534.823	305.775
77	37	9	539.49	310.638
78	37	10	537.036	297.849
79	37	11	514.605	301.94
80	37	12	511.803	301.212
81	37	13	498.195	299.489
82	37	14	489.822	296.438
83	37	15	488.798	283.76
84	37	16	489.864	283.412
85	37	17	484.83	279.089
86	37	18	487.097	280.788
87	37	19	489.345	281.392
88	37	20	487.955	285.131
89	37	21	487.935	283.432
90	37	22	486.46	284.188
91	37	23	488.772	286.31
92	37	24	491.754	290.921
93	37	25	489.3	284.539
94	37	26	489.935	285.535
95	37	27	487.205	288.625
96	37	28	494.053	280.989
97	37	29	500.907	290.798
98	37	30	490.638	288.714
99	37	31	491.555	284.208
100	37	32	490.182	288.241
101	37	33	490.205	293.692
102	37	34	491.416	293.047
103	37	35	478.607	301.441
104	37	36	469.257	311.78
105	37	37	473.539	308.87
106	49	14	468.939	376.353
107	49	15	464.974	374.46
108	49	16	466.535	374.151
109	49	17	470.031	375.024
110	49	18	470.134	377.166
111	49	19	471.797	375.022
112	49	20	473.474	379.534
113	49	21	475.089	380.898
114	49	22	478.396	384.28
115	49	23	482.066	388.09
116	49	24	483.984	397.463
117	49	25	493.415	407.254
118	49	26	496.461	403.786
119	49	27	513.551	387.061
120	49	28	517.823	377.151
121	49	29	507.766	361.987
122	49	30	510.022	360.076
123	49	31	514.627	356.994
124	49	32	509.869	356.011
125	49	33	504.572	357.285
126	49	34	497.484	358.826
127	49	35	484.05	366.046
128	49	36	478.495	368.002
129	49	37	473.073	370.493
130	49	38	470.97	370.444
131	49	39	468.114	365.683
132	49	40	473.643	363.453
133	49	41	470.74	352.351
134	49	42	460.16	355.519
135	49	43	454.493	351.784
136	49	44	460.11	349.271
137	49	45	480.144	352.161
138	49	46	484.091	357.69
139	49	47	476.302	375.578
140	49	48	471.781	367.119
141	49	49	473.256	367.001
142	49	50	467.857	370.803
143	49	51	460.719	374.883
144	49	52	462.81	381.295
145	49	53	459.195	386.817
146	49	54	463.885	390.249
147	49	55	463.087	391.836
148	49	56	473.035	384.804
149	49	57	494.878	383.216
150	49	58	503.329	374.773
151	49	59	497.293	369.611
152	49	60	485.941	375.787
153	67	24	355.472	173.852
154	67	25	366.643	185.989
155	67	26	370.308	186.411
156	67	27	365.193	184.487
157	67	28	363.446	192.633
158	67	29	349.049	199.006
159	67	30	355.077	190.676
160	67	31	357.306	188.063
161	67	32	362.578	184.983
162	67	33	379.014	186.621
163	67	34	383.529	183.213
164	67	35	387.143	181.401
165	67	36	392.409	183.877
166	67	37	398.962	188.704
167	67	38	397.893	185.083
168	67	39	390.469	177.177
169	67	40	389.018	174.183
170	67	41	384.777	169.527
171	67	42	391.091	167.357
172	67	43	399.466	167.71
173	67	44	408.075	164.783
174	67	45	407.901	163.708
175	67	46	409.962	155.586
176	67	47	407.203	150.536
177	67	48	406.017	135.12
178	67	49	406.106	128.273
179	67	50	408.261	128.033
180	69	26	595.248	566.389
181	69	27	595.453	564.27
182	69	28	593.964	563.617
183	69	29	583.815	554.505
184	69	30	578.703	569.26
185	69	31	578.207	581.043
186	69	32	569.234	587.048
187	69	33	555.412	587.358
188	69	34	555.451	593.205
189	69	35	558.325	598.338
190	69	36	559.486	587.902
191	69	37	572.723	585.513
192	69	38	569.093	574.694
193	69	39	560.206	569.068
194	69	40	545.475	579.107
195	69	41	534.355	582.944
196	69	42	544.018	579.012
197	69	43	552.769	574.108
198	69	44	530.02	576.671
199	69	45	531.669	571.422
200	69	46	522.64	568.26
201	69	47	511.761	569.743
202	69	48	507.854	574.003
203	69	49	510.108	572.686
204	69	50	511.705	577.04
205	69	51	497.144	581.136
206	69	52	492.845	585.546
207	69	53	491.259	579.549
208	69	54	483.2	584.368
209	69	55	476.717	581.641
210	69	56	471.579	569.843
211	69	57	476.146	556.856
212	69	58	480.457	552.733
213	69	59	470.925	551.937
214	69	60	459.542	556.632
215	69	61	467.079	561.539
216	69	62	467.863	557.907
217	69	63	458.941	552.884
218	69	64	465.267	549.668
219	69	65	461.987	557.076
220	69	66	464.644	567.422
221	69	67	456.573	571.464
222	69	68	454.539	558.386
223	69	69	466.54	559.431
224	69	70	466.933	555.063
225	69	71	476.27	571.94
226	69	72	485.95	576.734
227	69	73	497.511	578.294
228	69	74	495.955	580.228
229	69	75	492.378	573.179
230	69	76	494.814	570.714
231	69	77	490.846	573.66
232	69	78	486.17	568.306
233	69	79	498.004	585.213
234	69	80	512.063	584.066
235	69	81	515.182	584.743
236	69	82	515.3	582.278
237	69	83	517.55	581.214
238	96	40	60.817	466.681
239	96	41	59.645	479.926
240	96	42	63.095	490.229
241	96	43	55.069	478.273
242	96	44	58.69	479.308
243	96	45	57.982	476.239
244	96	46	60.372	466.286
245	96	47	70.789	453.851
246	96	48	71.687	454.509
247	96	49	63.468	458.336
248	96	50	57.137	446.928
249	96	51	63.484	445.529
250	96	52	66.705	443.917
251	96	53	57.847	448.072
252	96	54	61.836	449.258
253	96	55	55.699	448.982
254	96	56	55.662	455.801
255	96	57	60.154	460.387
256	96	58	72.256	462.111
257	96	59	64.175	454.462
258	96	60	68.804	461.522
259	96	61	68.652	460.563
260	96	62	73.694	459.092
261	96	63	74.8	455.347
262	96	64	74.964	452.418
263	96	65	69.003	452.425
264	96	66	67.926	450.707
265	96	67	65.514	448.64
266	96	68	61.767	442.257
267	96	69	62.077	442.882
268	96	70	63.451	434.523
269	96	71	61.856	427.828
270	96	72	55.71	419.121
271	96	73	56.78	419.078
272	96	74	55.528	418.01
273	96	75	56.062	412.002
274	96	76	52.355	403.558
275	96	77	50.526	394.717
276	96	78	50.549	396.599
277	96	79	46.378	390.438
278	96	80	36.343	388.837
279	96	81	33.968	387.924
280	96	82	35.282	377.299
281	96	83	34.384	376.401
282	96	84	44.705	377.447
283	96	85	43.158	370.931
284	96	86	38.598	378.084
285	96	87	38.633	376.015
286	96	88	37.888	379.823
287	96	89	37.951	378.816
288	96	90	36.431	375.901
289	96	91	32.673	371.841
290	96	92	34.404	374.215
291	96	93	39.414	374.337
292	96	94	48.148	378.054
293	96	95	44.059	382.007
294	96	96	36.002	384.772
295	115	53	12.513	15.922
296	115	54	17.293	15.487
297	115	59	12.587	17.215
298	115	60	15.257	16.221
299	115	61	14.445	17.991
300	115	62	15.239	16.58
301	115	63	12.688	17.423
302	115	65	12.966	20.748
303	115	66	8.714	21.086
304	115	67	12.024	20.852
305	115	68	8.724	22.614
306	115	73	7.392	11.455
307	115	74	11.523	16.477
308	115	75	13.409	19.468
309	115	76	14.532	24.99
310	115	77	11.179	13.567
311	115	78	10.442	29.896
312	115	79	9.745	26.779
313	115	83	0	25.35
314	115	84	0	33.15
315	115	85	10.112	34.937
316	115	86	9.275	34.794
317	115	87	11.839	34.005
318	115	88	9.524	34.725
319	115	89	11.671	35.333
320	115	90	9.728	34.783
321	115	91	10.354	34.632
322	115	92	11.466	34.77
323	115	93	9.911	35.163
324	115	94	10.982	34.004
325	115	95	11.167	34.405
326	115	96	9.66	34.32
327	116	54	594.834	583.238
328	116	55	595.262	580.154
329	116	56	596.066	584.054
330	116	57	590.825	579.852
331	116	58	592.85	574.374
332	116	59	603.383	579.931
333	116	60	598.32	566.726
334	116	61	596.04	550.941
335	116	62	598.184	552.777
336	116	63	597.546	550.112
337	116	64	591.694	558.31
338	116	65	594.771	563.605
339	116	66	599.052	557.105
340	116	67	599.165	555.686
341	116	68	600.868	544.583
342	116	69	599.763	541.423
343	116	70	602.617	541.413
344	116	71	602.395	543.383
345	116	72	592.521	543.195
346	116	73	590.023	542.31
347	116	74	587.294	532.597
348	116	75	589.747	533.317
349	120	56	402.997	121.515
350	120	57	400.811	124.839
351	120	58	406.999	129.185
352	120	59	405.748	127.965
353	120	60	405.618	125.617
354	120	61	402.911	118.145
355	120	62	400.742	114.171
356	120	63	401.923	111.895
357	120	64	404.221	111.968
358	120	65	406.02	113.911
359	120	66	403.775	116.656
360	120	67	400.27	113.977
361	120	68	402.886	113.3
362	120	69	402.919	111.872
363	120	70	404.335	114.212
364	120	71	399.088	113.537
365	120	72	390.477	115.622
366	120	73	401.889	117.588
367	120	74	392.884	127.414
368	120	75	402.016	111.44
369	120	76	405.113	103.123
370	120	77	395.533	123.277
371	120	78	391.423	127.309
372	120	79	396.575	130.396
373	120	80	399.819	137.728
374	120	81	399.507	128.614
375	120	82	398.912	126.351
376	120	83	395.522	117.009
377	120	84	398.767	123.376
378	120	88	400.947	124.935
379	120	89	407.034	130.779
380	120	90	404.799	137.849
381	120	91	401.967	141.452
382	120	92	395.108	136.043
383	120	93	394.494	148.693
384	120	94	398.363	162.333
385	120	95	401.352	167.962
386	120	96	399.907	174.637
387	123	58	527.129	309.384
388	123	59	523.898	308.651
389	123	60	523.739	299.415
390	123	61	526.387	300.706
391	123	62	520.067	301.577
392	123	63	518.079	299.041
393	123	64	522.754	310.841
394	123	65	501.827	321.276
395	123	66	504.039	317.325
396	123	67	501.937	313.439
397	123	68	503.505	309.292
398	123	69	507.638	311.248
399	123	70	502.913	303.51
400	123	71	507.212	290.388
401	123	72	509.021	295.641
402	123	73	514.317	301.574
403	123	74	519.365	308.804
404	123	78	528.939	325.946
405	123	79	531.837	322.639
406	123	80	536.247	310.867
407	123	81	526.417	315.873
408	123	82	530.348	312.448
409	123	83	542.672	308.133
410	123	84	550.028	304.346
411	123	85	557.449	300.608
412	123	86	562.211	302.688
413	123	87	561.145	295.519
414	123	88	555.942	292.237
415	123	89	541.799	297.087
416	132	66	495.551	314.525
417	132	67	488.331	305.406
418	132	68	493.389	300.606
419	132	69	492.884	296.809
420	132	70	486.756	292.869
421	132	71	489.977	289.626
422	132	72	489.87	295.96
423	132	73	495.168	306.362
424	132	74	503.649	305.161
425	132	75	489.972	310.301
426	132	76	487.129	307.206
427	132	77	495.207	322.994
428	132	78	512.64	321.862
429	132	79	513.745	313.943
430	132	80	507.519	314.84
431	132	81	501.47	317.746
432	132	82	509.626	320.721
433	132	83	522.368	319.211
434	132	84	534.325	316.437
435	132	85	538.159	312.365
436	132	86	543.132	311.357
437	132	87	546.705	313.95
438	134	65	301.731	475.846
439	134	66	300.73	465.835
440	134	67	298.268	470.957
441	134	68	295.735	472.52
442	134	69	292.691	478.72
443	134	70	290.343	479.227
444	134	71	285.235	481.98
445	134	72	283.677	486.328
446	134	73	294.597	484.926
447	134	74	306.765	486.236
448	134	75	304.982	478.993
449	134	76	299.516	481.652
450	134	77	300.596	474.472
451	134	78	307.001	479.154
452	134	79	311.774	476.671
453	134	80	317.691	475.033
454	134	81	314.103	477.64
455	134	82	321.289	470.874
456	134	83	330.329	469.118
457	134	84	332.531	463.347
458	134	85	334.889	455.853
459	134	86	330.109	456.581
460	134	87	324.617	468.747
461	134	88	325.818	474.346
462	134	89	327.929	479.69
463	134	90	328.088	491.745
464	134	91	334.32	488.712
465	135	68	96.172	411.469
466	135	69	94.916	414.337
467	135	70	97.842	418.493
468	135	71	93.8	417.019
469	135	72	95.921	418.063
470	135	73	95.269	414.929
471	135	74	97.734	393.942
472	135	75	92.262	393.397
473	135	76	80.233	391.478
474	135	77	71.074	390.237
475	135	78	67.629	391.132
476	135	79	76.512	388.902
477	135	80	74.19	388.859
478	135	81	71.333	389.884
479	135	82	67.544	390.74
480	135	83	70.406	382.218
481	135	84	77.564	379.073
482	135	85	80.861	378.542
483	135	86	82.411	379.039
484	135	87	84.844	367.951
485	135	88	89.312	361.045
486	135	89	92.112	367.77
487	135	90	94.129	369.052
488	135	91	94.305	372.131
489	135	92	89.072	372.304
490	135	93	85.956	375.451
491	135	94	91.999	373.655
492	135	95	88.422	375.646
493	135	96	89.436	369.654
494	142	74	506.828	311.99
495	142	75	505.358	322.541
496	142	76	501.77	322.419
497	142	77	509.608	331.268
498	142	78	521.065	327.524
499	142	82	523.007	327.34
500	142	83	539.842	323.094
501	142	84	550.594	319.037
502	142	85	557.062	315.707
503	142	86	560.316	318.467
504	142	87	564.277	310.45
505	142	88	559.542	304.048
506	142	89	552.475	309.784
507	142	90	566.438	308.663
508	142	91	576.64	316.061
509	142	92	581.391	314.992
510	142	93	580.513	311.524
511	142	94	565.331	314.849
512	142	95	563.611	327.814
513	142	96	570.115	323.517
