	TRACK_ID	FRAME	POSITION_X	POSITION_Y
1	0	0	174.276	349.325
2	0	1	177.112	348.796
3	0	2	174.42	349.237
4	0	3	174.769	348.792
5	0	4	178.283	346.707
6	0	5	177.831	347.001
7	0	6	179.738	348.706
8	0	7	180.768	347.778
9	0	8	179.555	347.598
10	0	9	179.667	348.295
11	0	10	177.543	348.149
12	0	11	179.146	348.442
13	0	12	180.988	349.582
14	0	13	180.707	349.099
15	0	14	178.535	348.699
16	0	15	179.907	348.999
17	0	16	180.663	349.666
18	0	17	182.169	350.534
19	0	18	181.307	349.359
20	0	19	182.844	351.073
21	0	20	182.999	351.054
22	0	21	180.432	349.61
23	0	22	182.582	349.266
24	0	23	182.642	349.796
25	0	24	184.07	351.322
26	0	25	183.49	351.605
27	0	26	184.112	351.336
28	0	27	184.484	352.921
29	0	28	184.783	353.189
30	0	29	185.222	351.897
31	0	30	184.686	353.445
32	0	31	184.693	353.753
33	0	32	184.57	353.671
34	0	33	182.321	353.752
35	0	34	181.202	353.697
36	0	35	180.902	353.797
37	0	36	181.026	352.695
38	0	37	182.9	352.155
39	0	38	181.617	352.087
40	0	39	180.099	351.362
41	0	40	179.239	352.994
42	0	41	179.366	351.465
43	0	42	180.238	351.9
44	0	43	180.352	351.932
45	0	44	179.363	351.706
46	0	45	180.212	352.087
47	0	46	180.29	352.568
48	0	47	179.669	351.712
49	0	48	180.413	351.16
50	0	49	180.172	351.521
51	0	50	180.753	350.945
52	0	51	179.875	349.903
53	0	52	179.934	349.716
54	0	53	180.404	349.954
55	0	54	180.647	350.465
56	0	55	180.436	350.949
57	0	56	180.36	352.385
58	0	57	179.765	353.297
59	0	58	179.94	353.756
60	0	59	179.621	353.053
61	0	60	180.093	352.83
62	0	61	179.66	352.08
63	0	62	180.617	352.477
64	0	63	179.775	352.749
65	0	64	179.992	352.13
66	0	65	179.255	352.433
67	0	66	178.492	353.316
68	0	67	179.286	352.822
69	0	68	180.179	351.395
70	0	69	179.597	351.693
71	0	70	180.171	352.094
72	0	71	179.123	351.425
73	0	72	178.942	351.876
74	0	73	178.808	350.843
75	0	74	179.331	352.147
76	0	75	179.206	352.087
77	0	76	179.819	351.261
78	0	77	179.405	352.467
79	0	78	179.698	350.994
80	0	79	180.287	351.725
81	0	80	179.574	351.194
82	0	81	179.798	351.085
83	0	82	180.326	366.518
84	0	83	163.291	375.194
85	0	84	163.679	379.573
86	0	85	162.496	384.943
87	0	86	156.724	382.941
88	0	87	163.324	375.912
89	0	88	164.468	362.678
90	0	89	172.772	373.375
91	0	90	179.966	362.922
92	0	91	187.987	363.126
93	0	93	204.144	351.665
94	0	94	200.688	350.064
95	0	95	202.841	348.718
96	0	96	206.276	346.58
97	11	0	372.479	568.11
98	11	1	367.828	568.35
99	11	2	360.871	577.987
100	11	3	360.052	579.966
101	11	4	351.764	586.278
102	11	5	347.944	584.25
103	11	6	346.209	589.527
104	11	7	345.57	587.49
105	11	8	351.052	591.729
106	11	9	358.821	594.961
107	11	10	367.96	595.844
108	11	11	369.275	596.618
109	11	12	369.002	601.422
110	11	13	367.958	610.016
111	11	14	369.604	613.914
112	11	15	370.947	612.905
113	11	16	359.381	615.827
114	11	17	349.974	614.602
115	11	18	361.486	611.441
116	11	19	367.855	615.519
117	11	20	375.641	621.917
118	11	21	381.01	621.724
119	11	22	386.624	616.785
120	11	23	388.306	616.885
121	11	24	387.337	619.839
122	11	25	383.551	621.831
123	11	26	374.924	622.864
124	11	27	371.793	627.843
125	11	28	365.441	624.22
126	11	29	363.578	628.121
127	11	30	368.425	634.993
128	11	31	368.287	632.622
129	11	32	376.457	626.815
130	11	33	379.369	623.751
131	11	34	371.399	617.883
132	11	35	369.531	614.923
133	11	36	366.608	621.289
134	11	37	361.688	624.442
135	11	38	359.145	630.233
136	11	39	350.751	635.264
137	11	40	347.972	642.227
138	11	41	353.238	648.062
139	11	42	363.412	649.106
140	11	43	351.493	653.055
141	11	44	352.95	664.95
142	14	0	283.115	604.513
143	14	1	283.492	603.467
144	14	2	281.281	600.355
145	14	3	285.903	597.924
146	14	4	291.573	598.578
147	14	5	293.801	605.798
148	14	6	298.894	604.441
149	14	7	304.102	601.103
150	14	8	297.214	600.344
151	14	9	299.903	591.534
152	14	10	299.267	580.804
153	14	11	288.834	578.038
154	14	12	290.748	574.864
155	14	13	291.915	571.201
156	14	14	283.546	565.002
157	14	15	272.009	571.252
158	14	16	275.297	572.86
159	14	17	282.763	578.776
160	14	18	284.066	574.422
161	14	19	273.058	571.558
162	14	20	274.636	580.445
163	14	21	275.671	581.645
164	14	22	273.191	574.157
165	14	23	260.489	565.388
166	14	24	259.971	564.521
167	14	25	261.685	557.095
168	14	26	250.125	557.809
169	14	27	252.8	566.25
170	14	28	259.906	566.686
171	14	29	257.178	565.712
172	14	30	258.798	560.492
173	14	31	256.333	557.905
174	14	32	261.04	561.719
175	14	33	264.735	560.927
176	14	34	263.142	564.729
177	14	35	264.86	565.733
178	14	36	259.05	566.546
179	14	37	259.936	564.234
180	14	38	266.886	562.934
181	14	39	262.821	565.019
182	14	40	265.842	564.191
183	14	41	270.723	564.901
184	14	42	268.775	566.883
185	14	43	266.98	563.861
186	14	44	275.185	565.856
187	14	45	281.861	565.54
188	14	46	266.904	565.85
189	14	47	279.859	568.841
190	14	48	280.198	564.922
191	14	49	282.47	565.206
192	14	50	280.137	564.408
193	14	51	264.923	565.708
194	14	52	268.621	567.788
195	14	53	266.558	563.656
196	14	54	265.886	565.909
197	14	55	271.232	569.37
198	14	56	266.428	569.681
199	14	57	266.306	571.586
200	14	58	264.297	572.833
201	14	59	266.253	574.317
202	14	60	260.803	578.771
203	14	61	259.165	575.487
204	14	62	261.648	567.568
205	14	63	263.581	564.686
206	14	64	263.613	564.388
207	14	65	264.53	566.161
208	14	66	263.645	566.802
209	14	67	269.296	564.653
210	14	68	266.708	565.471
211	14	69	262.939	566.041
212	14	70	266.682	563.538
213	14	71	271.406	564.529
214	14	72	263.591	563.783
215	14	73	262.114	562.559
216	14	74	262.658	567.062
217	14	75	270.7	565.245
218	14	76	260.392	564.94
219	14	77	260.848	565.37
220	14	78	258.636	563.715
221	14	79	259.533	563.846
222	14	80	258.93	564.651
223	14	81	264.553	566.548
224	14	82	263.723	570.241
225	14	83	262.506	568.876
226	14	84	263.668	569.62
227	14	85	260.646	567.615
228	14	86	260.355	568.099
229	14	87	260.792	565.103
230	14	88	263.709	561.18
231	14	89	256.085	569.065
232	14	90	259.841	572.204
233	14	91	257.602	570.165
234	14	92	260.331	567.097
235	14	93	256.977	566.569
236	14	94	267.994	563.008
237	14	95	264.69	562.752
238	14	96	264.637	565.33
239	15	0	389.302	604.586
240	15	1	389.933	605.5
241	15	2	389.067	603.718
242	15	3	389.829	604.635
243	15	4	393.168	608.775
244	15	5	394.606	611.158
245	15	6	396.6	603.505
246	15	7	393.546	591.387
247	15	8	391.62	588.367
248	15	9	391.948	588.898
249	15	10	392.597	592.873
250	15	11	389.587	589.151
251	15	12	394.04	591.394
252	15	13	391.821	594.038
253	15	14	391.886	593.73
254	15	15	392.695	596.568
255	15	16	396.349	597.016
256	15	17	398.264	596.848
257	15	18	399.746	599.257
258	15	19	397.838	596.985
259	15	20	396.651	599.184
260	15	21	401.197	601.88
261	15	22	401.919	604.657
262	15	23	404.643	608.094
263	15	24	405.62	610.552
264	15	25	402.12	611.584
265	15	26	403.544	610.373
266	15	27	403.503	612.45
267	15	28	397.634	610.381
268	15	29	415.145	604.654
269	15	30	418.549	605.612
270	17	0	63.185	632.183
271	17	1	64.872	635.862
272	17	2	66.095	643.401
273	17	3	72.919	647.755
274	17	4	79.867	650.674
275	17	5	82.238	655.971
276	17	6	78.972	638.353
277	17	7	79.293	633.573
278	17	8	82.526	630.436
279	17	9	91.44	626.845
280	17	10	96.752	628.141
281	17	11	99.842	639.858
282	17	12	102.287	644.005
283	17	13	100.957	644.933
284	17	14	99.686	650.716
285	17	15	97.352	654.632
286	17	16	95.335	653.381
287	17	17	97.441	652.035
288	17	18	99.239	641.79
289	17	19	100.184	636.441
290	17	20	99.002	637.719
291	17	21	87.318	643.113
292	17	22	86.751	654.318
293	17	23	86.916	657.828
294	17	24	85.8	664.95
295	17	25	87.75	664.95
296	17	26	87.1	664.95
297	22	0	510.677	51.496
298	22	1	515.215	55.031
299	22	2	519.813	55.727
300	22	3	519.368	54.415
301	22	4	521.364	56.691
302	22	5	526.201	56.598
303	22	6	527.584	57.656
304	22	7	531.847	61.016
305	22	8	526.715	63.771
306	22	9	525.583	65.535
307	22	10	523.798	63.349
308	22	11	525.637	60.491
309	22	12	525.957	58.462
310	22	13	526.936	59.138
311	22	14	529.159	56.691
312	22	15	531.521	55.919
313	22	16	531.29	54.715
314	22	17	533.28	53.227
315	22	18	535.41	51.189
316	22	19	534.92	54.979
317	22	20	540.503	61.202
318	22	21	542.128	62.189
319	22	22	541.026	62.289
320	22	23	540.687	63.271
321	22	24	541.024	63.187
322	22	25	541.833	66.371
323	22	26	542.916	67.727
324	22	27	542.677	70.771
325	22	28	542.784	70.886
326	22	29	545.119	71.545
327	22	30	544.407	71.932
328	22	31	546.037	70.654
329	22	32	547.791	67.47
330	22	33	547.945	64.486
331	22	34	546.746	59.542
332	22	35	547.51	58.963
333	22	36	550.876	56.355
334	22	37	550.797	56.728
335	22	38	554.003	55.35
336	22	39	553.618	56
337	22	40	551.568	57.913
338	22	41	554.412	56.983
339	22	42	557.999	56.16
340	22	43	558.96	54.96
341	22	44	559.518	56.246
342	22	45	573.56	60.839
343	22	46	575.281	61.343
344	22	47	582.757	64.29
345	22	48	584.932	65.046
346	22	49	584.939	63.987
347	22	50	587.016	64.675
348	22	51	587.761	65.979
349	22	52	583.268	66.073
350	22	53	579.607	69.322
351	22	54	582.349	68.563
352	22	55	579.596	70.888
353	22	56	580.342	71.818
354	22	57	578.693	72.276
355	22	58	581.361	71.346
356	22	59	584.569	66.735
357	22	60	587.887	65.288
358	22	61	586.907	63.52
359	22	62	585.291	62.062
360	22	63	584.603	61.713
361	22	64	585.222	61.126
362	22	65	584.781	60.361
363	22	66	586.087	62.823
364	22	67	585.709	68.329
365	22	68	585.547	63.177
366	22	69	586.821	64.813
367	22	70	588.587	62.267
368	22	71	589.145	64.108
369	22	72	586.865	63.057
370	22	73	586.987	64.251
371	22	74	588.857	64.246
372	22	75	590.595	61.838
373	22	76	589.776	62.113
374	22	77	587.781	54.993
375	22	78	584.389	50.219
376	22	79	582.456	50.39
377	22	80	587.262	51.223
378	22	81	583.955	50.276
379	22	82	584.537	54.013
380	22	83	580.494	53.316
381	22	84	580.562	51.025
382	22	85	579.544	48.084
383	22	86	580.658	47.077
384	22	87	575.966	41.098
385	22	88	572.83	38.776
386	22	89	574.069	39.771
387	22	90	576.63	40.412
388	22	91	575.375	42.187
389	22	92	576.05	39.592
390	22	93	574.282	37.622
391	27	2	511.217	74.258
392	27	3	511.15	74.841
393	27	4	512.285	76.201
394	27	5	512.705	74.559
395	27	6	511.68	75.343
396	27	7	510.493	75.852
397	27	8	509.608	78.927
398	27	9	505.214	79.12
399	27	10	494.667	81.398
400	27	11	493.203	79.859
401	27	12	489.349	80.517
402	27	13	492.098	78.916
403	27	14	484.756	80.597
404	27	15	486.796	81.622
405	27	16	489.303	80.539
406	27	17	484.35	83.164
407	27	18	484.92	82.888
408	27	19	481.582	88.824
409	27	20	478.169	94.11
410	27	21	471.96	94.845
411	27	22	471.81	94.676
412	27	23	471.169	98.53
413	27	24	465.941	103.484
414	27	25	464.208	103.864
415	27	26	463.826	105.753
416	27	27	463.802	103.618
417	27	28	466.907	88.662
418	27	29	467.958	81.975
419	27	30	468.217	77.616
420	27	31	464.146	76.493
421	27	32	475.734	72.733
422	27	33	482.336	70.77
423	27	34	482.092	65.84
424	27	35	479.193	57.666
425	27	36	476.588	53.331
426	27	37	475.739	52.318
427	27	38	475.594	51.44
428	27	39	477.615	51.391
429	27	40	479.116	51.974
430	27	41	476.768	50.747
431	27	42	475.024	52.127
432	27	43	476.68	51.834
433	27	44	475.781	51.783
434	27	45	477.102	52.696
435	27	46	476.267	52.901
436	27	47	475.641	51.508
437	27	48	475.823	50.595
438	27	49	475.979	51.661
439	27	50	475.616	50.586
440	27	51	475.244	50.564
441	27	52	476.428	50.43
442	27	53	475.068	50.535
443	27	54	477.328	49.807
444	27	55	478.64	49.832
445	27	56	478.44	51.402
446	27	57	476.631	52.21
447	27	58	477.257	52.507
448	27	59	477.111	51.363
449	27	60	479.137	51.778
450	27	61	479.127	51.099
451	27	62	476.588	52.291
452	27	63	477.178	51.786
453	27	64	479.042	50.815
454	27	65	479.605	51.2
455	27	66	479.271	50.754
456	27	67	475.273	51.87
457	27	68	478.311	50.344
458	27	69	477.456	50.747
459	27	70	476.267	50.747
460	27	71	471.001	50.112
461	27	72	470.476	51.606
462	27	73	470.797	50.215
463	27	74	472.722	52.039
464	27	75	482.544	50.122
465	27	76	477.768	50.213
466	27	77	479.109	50.136
467	27	78	476.661	49.774
468	27	79	476.28	49.617
469	27	80	478.601	49.819
470	27	81	479.708	50.354
471	27	82	481.045	49.655
472	27	83	478.878	49.852
473	27	84	478.777	50.646
474	27	85	477.549	50.696
475	27	86	477.169	49.841
476	27	87	474.795	50.522
477	27	88	477.378	50.221
478	27	89	476.947	49.859
479	27	90	477.88	49.843
480	27	91	476.497	51.342
481	27	92	476.446	50.03
482	27	93	478.849	49.397
483	27	94	478.902	49.475
484	27	95	481.234	49.68
485	27	96	482.485	49.349
486	30	6	664.95	129.35
487	30	7	664.95	135.2
488	30	8	654.978	143.651
489	30	9	648.63	150.072
490	30	10	642.722	153.72
491	30	11	638.491	158.805
492	30	12	631.302	165.317
493	30	13	626.291	171.732
494	30	14	623.314	174.03
495	30	15	616.537	175.968
496	30	16	615.859	178.816
497	30	17	611.413	184.152
498	30	18	605.558	184.597
499	30	19	600.889	190.717
500	30	20	596.578	196.148
501	30	21	593.468	200.154
502	30	22	591.763	203.007
503	30	23	588.612	204.917
504	30	24	587.548	205.497
505	30	25	582.398	206.341
506	30	26	582.196	206.525
507	30	27	580.678	206.889
508	30	28	586.766	205.424
509	30	29	591.669	203.141
510	30	30	589.917	203.756
511	30	31	590.596	203.806
512	30	32	591.884	202.337
513	30	33	590.31	203.089
514	30	34	590.227	204.499
515	30	35	588.888	206.025
516	30	36	587.451	206.707
517	30	37	587.797	206.505
518	30	38	584.563	207.074
519	30	39	582.251	206.061
520	30	40	580.31	208.231
521	30	41	581.743	206.681
522	30	42	580.524	208.677
523	30	43	581.275	207.584
524	30	44	580.907	207.845
525	30	45	581.389	208.91
526	30	46	580.991	209.309
527	30	47	579.906	207.508
528	30	48	580.91	208.014
529	30	49	581.066	206.984
530	30	50	581.11	205.707
531	30	51	582.727	205.254
532	30	52	582.322	206.327
533	30	53	583.008	204.175
534	30	54	585.105	205.857
535	30	55	585.063	198.197
536	30	56	584.829	197.802
537	30	57	583.008	194.551
538	30	58	584.429	194.682
539	30	59	587.361	196.428
540	30	60	589.284	199.041
541	30	61	594.163	199.709
542	30	62	593.937	200.63
543	30	63	592.168	201.853
544	30	64	588.241	199.743
545	30	65	598.716	181.145
546	30	66	596.13	175.534
547	30	67	593.266	171.187
548	30	68	597.644	170.07
549	30	69	598.888	171.893
550	30	70	600.333	171.603
551	30	71	605.455	165.492
552	30	72	615.999	161.636
553	30	73	615.542	157.584
554	30	74	614.56	159.501
555	30	75	614.151	158.386
556	30	76	617.589	158.802
557	30	77	618.801	160.129
558	30	78	618.934	161.679
559	34	12	173.55	0
560	34	13	175.938	3.858
561	34	14	182.88	15.604
562	34	15	188.284	21.324
563	34	16	194.606	25.999
564	34	17	200.973	19.143
565	34	18	203.46	15.741
566	34	19	203	19.105
567	34	20	194.545	21.601
568	34	21	192.779	21.151
569	34	22	188.309	22.058
570	34	23	176.021	21.366
571	34	24	166.731	16.66
572	34	25	170.918	18.315
573	34	26	171.09	20.721
574	34	27	176.79	23.592
575	34	28	179.057	23.29
576	34	29	165.74	19.205
577	34	30	170.485	21.416
578	34	31	151.897	14.425
579	34	32	148.683	14.857
580	34	33	150.646	11.718
581	34	34	150.458	9.659
582	37	12	451.133	504.808
583	37	13	443.135	506.552
584	37	14	440.608	488.331
585	37	15	443.368	488.01
586	37	16	452.349	483.899
587	37	17	452.371	480.992
588	37	18	450.504	477.747
589	37	19	448.298	480.507
590	37	20	442.216	492.47
591	37	21	442.637	491.881
592	37	22	442.461	492.588
593	37	23	441.396	491.514
594	37	24	442.218	491.17
595	37	25	441.893	491.542
596	37	26	442.427	493.413
597	37	27	442.294	494.389
598	37	28	442.43	492.577
599	37	29	442.386	492.739
600	37	30	440.893	492.121
601	37	31	439.562	491.389
602	37	32	439.81	492.113
603	37	33	439.352	492.4
604	37	34	438.9	491.277
605	37	35	439.585	491.394
606	37	36	438.597	491.587
607	37	37	439.927	491.693
608	37	38	439.812	491.421
609	37	39	439.337	491.105
610	37	40	438.816	492.963
611	37	41	438.976	493.369
612	37	42	439.463	492.093
613	37	43	439.505	492.817
614	37	44	439.125	493.55
615	37	45	439.335	493.383
616	37	46	438.589	493.589
617	37	47	439.382	492.81
618	37	48	439.414	492.878
619	37	49	438.015	492.074
620	37	50	437.34	489.637
621	37	51	438.334	491.069
622	37	52	439.009	491.693
623	37	53	439.145	491.078
624	37	54	438.556	491.442
625	37	55	437.894	491.485
626	37	56	438.616	492.215
627	37	57	438.616	493.565
628	37	58	438.493	494.074
629	37	59	436.278	491.46
630	37	60	436.936	491.68
631	37	61	438.013	491.661
632	37	62	437.765	492.045
633	37	63	438.338	493.336
634	37	64	437.403	491.838
635	37	65	437.521	492.522
636	37	66	435.841	491.273
637	37	67	438.293	494.206
638	37	68	438.559	492.972
639	37	69	438.827	492.712
640	37	70	437.717	490.877
641	37	71	438.045	489.927
642	37	72	437.805	492.099
643	37	73	437.773	491.199
644	37	74	438.192	492.069
645	37	75	437.632	491.75
646	37	76	437.789	491.141
647	37	77	438.215	492.372
648	37	78	438.763	491.633
649	37	79	438.724	491.839
650	37	80	438.541	492.089
651	37	81	438.567	491.877
652	37	82	438.368	492.365
653	37	83	439.58	493.698
654	37	84	438.846	492.95
655	37	85	438.536	492.628
656	37	86	438.189	492.159
657	37	87	437.95	491.875
658	37	88	438.002	491.828
659	37	89	438.749	492.022
660	37	90	438.089	491.787
661	37	91	438.719	492.97
662	37	92	438.562	491.652
663	37	93	438.574	491.448
664	37	94	438.571	491.751
665	37	95	438.407	491.712
666	37	96	439.68	492.463
667	41	13	489.064	374.709
668	41	14	487.446	376.565
669	41	15	474.047	360.696
670	41	16	465.249	361.034
671	41	17	467.964	359.089
672	41	18	469.333	356.478
673	41	19	463.05	347.868
674	41	20	460.09	343.913
675	41	21	461.543	346.993
676	41	22	461.485	344.973
677	41	23	462.188	345.869
678	41	24	459.99	346.714
679	41	25	458.135	346.568
680	41	26	451.014	348.188
681	41	27	446.529	353.117
682	41	28	455.439	339.005
683	41	29	460.027	331.375
684	41	30	460.273	331.435
685	41	31	461.037	332.881
686	41	32	455.594	336.363
687	41	33	436.586	339.959
688	41	34	429.941	337.429
689	41	35	423.655	350.353
690	41	36	423.626	349.087
691	41	37	420.109	353.383
692	41	38	423.232	351.359
693	41	39	429.023	346.68
694	41	40	435.942	355.162
695	41	41	422.891	346.989
696	41	42	416.127	331.581
697	41	43	419.536	340.485
698	41	44	420.389	340.393
699	41	45	419.441	344.731
700	41	46	420.124	348.152
701	41	47	420.278	346.228
702	41	48	419.162	346.932
703	41	49	419.13	346.277
704	41	50	422.452	346.289
705	41	51	418.423	341.89
706	41	52	430.998	340.046
707	41	53	428.269	333.25
708	41	54	431.742	326.185
709	41	55	430.348	332.418
710	41	56	432.039	337.184
711	41	57	430.205	336.945
712	41	58	431.326	329.36
713	41	59	416.285	332.271
714	41	60	423.017	330.602
715	41	61	421.359	329.512
716	41	62	413.536	331.376
717	41	63	402.886	321.963
718	41	64	404.879	316.786
719	41	65	398.186	319.042
720	41	66	400.216	320.576
721	41	67	403.076	314.645
722	41	68	403.281	312.355
723	41	69	395.394	316.807
724	41	70	389.974	322.788
725	41	71	386.373	318.994
726	41	72	387.416	319.206
727	41	73	388.982	317.509
728	41	74	388.576	319.087
729	41	75	390.461	319.276
730	41	76	390.194	319.17
731	41	77	390.794	318.381
732	41	78	389.527	317.102
733	41	79	390.02	318.068
734	41	80	390.817	318.705
735	41	81	392.682	318.06
736	41	82	389.808	318.663
737	41	83	391.045	318.348
738	41	84	390.571	318.947
739	41	85	394.444	314.994
740	41	86	391.418	317.632
741	41	87	392.034	316.651
742	41	88	392.45	318.228
743	41	89	389.391	317.183
744	41	90	390.7	317.581
745	41	91	392.201	317.54
746	41	92	391.32	317.354
747	41	93	388.731	316.697
748	41	94	389.451	316.314
749	41	95	390.669	316.672
750	41	96	392.744	317.345
751	42	15	247.003	496.512
752	42	16	246.078	497.318
753	42	17	246.933	492.592
754	42	18	253.782	494.187
755	42	19	249.362	500.29
756	42	20	257.917	491.71
757	42	21	257.594	487.21
758	42	22	262.729	486.594
759	42	23	265.35	481.982
760	42	24	271.224	482.888
761	42	25	278.674	483.081
762	42	26	289.481	471.641
763	42	27	285.138	474.926
764	42	28	292.893	467.51
765	42	29	289.145	470.827
766	42	30	281.488	474.99
767	42	31	275.826	478.946
768	42	32	269.178	479.829
769	42	33	269.88	470.419
770	42	34	284.16	469.223
771	42	35	293.861	467.823
772	42	36	289.259	470.325
773	42	37	290.093	471.459
774	42	38	281.058	475.71
775	42	39	286.695	478.691
776	42	40	278.988	480.044
777	42	41	280.215	476.207
778	42	42	284.218	474.758
779	42	43	290.609	471.05
780	42	44	286.683	474.634
781	42	45	295.812	480.889
782	42	46	292.672	477.523
783	42	47	288.5	478.04
784	42	48	290.423	471.899
785	42	49	293.166	470.668
786	42	50	288.483	470.863
787	42	51	292.84	469.12
788	42	52	291.584	469.879
789	42	53	290.997	468.376
790	42	54	295.516	466.272
791	42	55	293.343	465.667
792	42	56	294.464	461.427
793	42	57	299.311	462.819
794	42	58	300.275	460.528
795	42	59	293.479	464.124
796	42	60	297.839	465.432
797	42	61	299.279	469.74
798	42	62	292.697	472.664
799	42	63	285.406	472.079
800	42	64	288.984	471.028
801	42	65	286.576	468.776
802	42	66	288.252	468.238
803	42	67	277.977	462.951
804	42	68	285.433	458.351
805	42	69	297.039	459.305
806	42	70	277.538	448.541
807	42	71	287.628	440.83
808	42	72	283.029	431.794
809	42	73	279.295	439.067
810	42	74	269.126	437.639
811	42	75	275.336	429.519
812	42	76	276.554	434.803
813	42	77	279.722	434.06
814	42	78	280.552	435.009
815	42	79	279.719	437.001
816	42	80	270.952	440.341
817	42	81	264.742	429.989
818	42	82	260.166	411.251
819	42	83	259.087	418.991
820	42	84	259.3	415.706
821	42	85	260.767	418.012
822	42	86	257.62	417.918
823	42	87	246.419	414.074
824	42	88	246.053	424.019
825	42	89	240.078	427.146
826	42	90	235.763	430.201
827	42	91	233.091	442.653
828	42	92	230.419	430.863
829	42	93	227.802	418.778
830	42	94	230.123	432.716
831	42	95	228.864	432.938
832	42	96	229.815	437.876
833	43	16	612.554	25.922
834	43	17	606.67	19.894
835	43	18	614.489	5.769
836	43	19	634.249	13.934
837	43	20	637	0
838	43	21	636.703	15.653
839	43	22	631.704	14.15
840	43	23	632.985	13.977
841	43	24	633.597	12.091
842	43	25	631.183	16.676
843	43	26	631.051	16.483
844	43	27	633.459	16.297
845	43	28	632.513	16.676
846	43	29	631.818	14.412
847	43	30	633.89	11.662
848	43	31	629.422	14.936
849	43	32	634.605	15.735
850	43	33	629.044	17.783
851	43	34	637.176	12.928
852	43	35	630.222	17.042
853	43	36	631.454	14.88
854	43	37	632.485	18.306
855	43	38	633.026	14.951
856	43	39	632.156	15.47
857	43	40	628.24	19.632
858	43	41	628.949	19.316
859	43	43	634.004	14.845
860	43	44	636.166	19.229
861	43	45	630.535	17.659
862	43	46	624.325	12.031
863	43	47	628.233	10.631
864	50	20	654.775	4.741
865	50	21	642.85	0
866	50	22	635.05	0
867	50	23	637.65	0
868	50	24	638.95	0
869	50	25	630.5	0
870	50	26	625.3	0
871	50	27	623.094	7.602
872	50	28	629.2	0
873	50	29	619.824	9.736
874	50	30	621.449	9.159
875	50	31	621.958	7.05
876	50	32	631.55	3.791
877	50	33	630.666	8.257
878	50	34	626.037	6.903
879	50	35	629.289	5.652
880	50	36	628.55	0
881	50	37	620.535	12.954
882	50	38	624.066	8.397
883	50	39	627.571	5.358
884	50	40	624.111	9.545
885	50	41	623.314	9.163
886	50	42	627.922	6.713
887	50	43	623.181	11.792
888	57	25	543.439	209.284
889	57	26	536.004	207.005
890	57	27	527.233	193.165
891	57	28	513.756	185.767
892	57	29	523.429	185.362
893	57	30	523.23	186.339
894	57	31	525.25	187.877
895	57	32	531.307	187.61
896	57	33	538.465	178.171
897	57	34	542.875	174.919
898	57	35	548.14	175.981
899	57	36	545.893	181.632
900	57	37	539.603	191.959
901	57	38	541.028	191.732
902	57	39	542.385	189.392
903	57	40	542.242	192.939
904	57	41	535.989	170.855
905	57	42	531.715	189.238
906	57	43	534.669	197.562
907	57	44	531.645	194.62
908	57	45	535.42	197.469
909	57	46	534.603	196.611
910	57	47	533.482	198.322
911	57	48	533.35	198.708
912	57	49	534.066	198.114
913	57	50	542.558	189.734
914	57	51	534.462	191.04
915	57	52	532.106	192.534
916	57	53	538.224	189.623
917	57	54	537.936	181.405
918	57	55	538.608	179.202
919	57	56	542.214	174.951
920	57	57	543.088	173.797
921	57	58	545.213	172.811
922	57	59	547.126	164.919
923	57	60	549.684	168.044
924	57	61	551.696	158.705
925	57	62	554.011	152.908
926	57	63	559.54	147.716
927	58	26	141.783	502.348
928	58	27	142.521	501.822
929	58	28	149.117	500.328
930	58	29	165.274	500.624
931	58	30	165.513	490.87
932	58	31	161.966	483.437
933	58	32	160.858	477.106
934	58	33	152.927	465.799
935	58	34	155.041	467.156
936	58	35	156.318	460.556
937	58	36	150.1	450.797
938	58	37	139.815	440.636
939	58	38	141.12	430.366
940	58	39	137.402	428.374
941	58	40	128.508	427.965
942	58	41	115.876	412.186
943	58	42	105.509	401.607
944	58	43	101.679	402.193
945	58	44	119.386	413.577
946	58	45	126.963	429.098
947	58	46	128.824	435.411
948	58	47	129.566	433.733
949	58	48	129.859	444.936
950	58	49	126.871	459.21
951	58	50	120.285	458.462
952	58	51	115.047	480.696
953	58	52	108.884	470.013
954	58	53	110.163	460.273
955	58	54	105.732	466.252
956	58	55	109.234	464.334
957	58	56	108.782	465.86
958	58	57	108.556	468.041
959	59	25	162.954	571.827
960	59	26	159.748	570.307
961	59	27	160.776	570.675
962	59	28	162.679	571.507
963	59	29	170.469	573.847
964	59	30	166.489	573.938
965	59	31	170.641	576.107
966	59	32	169.97	573.406
967	59	33	170.198	572.593
968	59	34	168.767	572.791
969	59	35	164.396	570.604
970	59	36	164.219	570.222
971	59	37	164.733	569.091
972	59	38	164.141	568.748
973	59	39	161.35	567.768
974	59	40	163.282	569.764
975	59	41	158.575	567.87
976	59	42	155.468	565.417
977	59	43	155.452	565.847
978	59	44	155.471	565.176
979	59	45	157.513	567.521
980	59	46	158.524	568.28
981	59	47	159.473	568.169
982	59	48	166.296	571.237
983	59	49	167.413	569.028
984	59	50	171.711	564.355
985	59	51	176.903	563.505
986	59	52	179.445	562.868
987	59	53	185.326	560.82
988	59	54	182.702	560.133
989	59	55	180.867	561.686
990	59	56	181.47	562.59
991	59	57	184.038	562.204
992	59	58	186.434	561.428
993	59	59	188.566	557.83
994	59	60	191.237	553.204
995	59	61	194.936	552.625
996	59	62	204.649	550.129
997	59	63	207.258	552.058
998	59	64	206.923	561.83
999	59	65	205.297	562.247
1000	59	66	205.864	563.865
1001	59	67	220.074	572.032
1002	59	68	215.638	556.076
1003	59	69	206.391	543.829
1004	59	70	214.259	526.929
1005	59	71	214.111	521.282
1006	59	72	207.595	530.859
1007	66	34	305.308	149.335
1008	66	35	294.881	166.514
1009	66	36	294.091	168.675
1010	66	37	294.259	168.275
1011	66	38	294.151	167.563
1012	66	39	292.257	166.615
1013	66	40	292.835	170.358
1014	66	41	286.897	174.149
1015	66	42	287.452	175.673
1016	66	43	291.694	169.507
1017	66	44	287.931	172.785
1018	66	45	287.702	175.4
1019	66	46	290.47	180.691
1020	66	47	287.237	169.27
1021	66	48	289.255	164.006
1022	66	49	291.188	170.439
1023	66	50	290.802	173.299
1024	66	51	290.426	176.535
1025	66	52	290.681	181.46
1026	66	53	292.064	184.421
1027	66	54	292.934	181.593
1028	66	55	295.69	181.286
1029	66	56	297.182	186.335
1030	66	57	298.214	192.87
1031	66	58	299.609	195.546
1032	66	59	299.746	195.023
1033	66	60	299.566	194.05
1034	66	61	299.721	189.442
1035	66	62	297.496	186.52
1036	66	63	298.481	182.499
1037	66	64	299.739	184.418
1038	66	65	299.106	180.633
1039	66	66	296.559	176.686
1040	66	67	297.774	176.325
1041	66	68	299.568	178.037
1042	66	69	301.365	177.737
1043	66	70	300.492	174.435
1044	66	71	299.818	177.039
1045	66	72	299.073	174.68
1046	66	73	298.791	176.867
1047	66	74	296.974	174.078
1048	66	75	295.755	171.521
1049	66	76	292.093	164.395
1050	66	77	289.306	158.92
1051	66	78	287.974	158.667
1052	66	79	285.765	158.632
1053	66	80	280.281	154.321
1054	66	81	278	148.827
1055	66	82	280.42	151.699
1056	66	83	280.128	158.489
1057	66	84	279.741	154.04
1058	66	85	279.458	156.349
1059	66	86	283.684	153.219
1060	66	87	279.437	136.287
1061	66	88	275.678	120.558
1062	66	89	276.934	119.715
1063	66	90	274.226	102.943
1064	66	91	276.332	106.039
1065	66	92	273.86	102.322
1066	66	93	262.228	104.012
1067	66	94	262.247	107.268
1068	66	95	282.903	110.364
1069	66	96	278.422	104.58
1070	74	39	494.112	623.212
1071	74	40	491.627	621.474
1072	74	41	499.348	613.029
1073	74	42	500.81	618.81
1074	74	43	504.626	620.274
1075	74	44	499.12	608.916
1076	74	45	501.778	615.681
1077	74	46	502.238	604.58
1078	74	47	511.804	593.238
1079	74	48	510.683	582.775
1080	74	49	509.04	566.68
1081	74	50	511.696	567.594
1082	74	51	508.746	577.973
1083	74	52	510.872	580.083
1084	74	53	513.51	571.825
1085	74	54	509.431	571.269
1086	74	57	502.076	561.629
1087	74	58	501.745	561.778
1088	74	59	500.723	563.376
1089	74	60	494.47	571.555
1090	74	61	489.489	569.635
1091	79	47	309.335	550.153
1092	79	48	297.019	552.954
1093	79	49	305.132	557.384
1094	79	50	302.162	567.648
1095	79	51	286.131	555.964
1096	79	52	288.699	560.526
1097	79	53	287.109	558.261
1098	79	54	286.465	563.163
1099	79	55	289.703	560.451
1100	79	56	284.746	556.321
1101	79	57	288.088	557.361
1102	79	58	285.508	559.606
1103	79	59	287.464	561.303
1104	79	60	277.396	574.853
1105	79	61	277.048	582.693
1106	79	62	269.063	589.06
1107	79	63	272.106	583.211
1108	79	64	277.103	580.192
1109	79	65	276.669	582.532
1110	79	66	274.846	584.39
1111	79	67	277.324	583.852
1112	79	68	279.735	581.693
1113	79	69	277.85	582.274
1114	79	70	266.467	583.677
1115	79	71	256.754	579.73
1116	79	72	251.462	577.623
1117	79	73	246.951	573.605
1118	79	74	236.866	571.42
1119	79	75	246.117	560.392
1120	79	76	238.128	560.284
1121	79	77	242.035	555.337
1122	79	78	240.612	552.775
1123	79	79	245.115	547.273
1124	79	80	249.999	543.482
1125	79	81	270.036	547.983
1126	79	82	281.425	556.298
1127	79	83	281.88	556.38
1128	79	84	281.458	549.759
1129	79	85	281.001	550.99
1130	79	86	280.745	549.732
1131	79	87	282.485	550.094
1132	79	88	281.857	541.802
1133	79	89	260.959	546.612
1134	90	56	504.407	540.942
1135	90	57	516.899	549.153
1136	90	58	515.516	547.943
1137	90	59	515.648	551.562
1138	90	60	511.494	560.711
1139	90	61	513.326	563.805
1140	90	62	510.157	559.221
1141	90	63	519.251	567.963
1142	90	64	528.734	566.21
1143	90	65	530.774	558.17
1144	90	66	525.958	556.41
1145	90	67	528.683	555.423
1146	90	68	537.172	543.742
1147	90	69	540.818	554.168
1148	90	70	551.106	543.332
1149	90	71	559.405	530.905
1150	90	72	563.875	526.974
1151	90	73	558.434	533.997
1152	90	74	562.608	533.283
1153	90	75	563.474	540.137
1154	90	76	562.369	541.341
1155	90	77	562.835	540.847
1156	90	78	564.549	541.301
1157	90	79	560.961	544.355
1158	90	80	562.462	542.826
1159	90	81	559.494	551.805
1160	96	63	114.662	419.197
1161	96	64	103.116	418.504
1162	96	65	109.33	420.964
1163	96	66	97.639	433.036
1164	96	67	105.77	427.541
1165	96	68	100.367	431.573
1166	96	69	97.391	430.693
1167	96	70	96.391	429.837
1168	96	71	92.183	430.594
1169	96	72	96.56	419.715
1170	96	73	100.429	414.288
1171	96	74	104.702	411.792
1172	96	75	110.884	416.01
1173	96	76	106.607	416.418
1174	96	77	105.468	418.09
1175	96	78	109.76	429.461
1176	96	79	117.649	436.338
1177	96	80	117.719	439.955
1178	96	81	124.936	437.507
1179	96	82	141.08	420.962
1180	96	83	146.953	423.898
1181	96	84	148.89	426.242
1182	96	85	148.073	428.96
1183	96	86	152.819	435.636
1184	96	87	152.296	456.094
1185	96	88	143.778	452.403
1186	103	70	383.314	67.262
1187	103	71	388.911	55.476
1188	103	72	402.365	42.039
1189	103	73	387.116	58.309
1190	103	74	389.965	73.16
1191	103	75	404.786	70.952
1192	103	76	414.328	76.366
1193	103	77	414.71	65.425
1194	103	78	415.307	57.628
1195	103	79	420.014	56.774
1196	103	80	412.178	71.314
1197	103	81	411.57	68.467
1198	103	82	405.053	73.809
1199	103	83	404.087	73.572
1200	103	84	410.851	65.394
1201	103	85	409.246	75.298
1202	103	86	408.454	62.349
1203	103	87	406.631	72.727
1204	103	88	417.202	73.446
1205	103	89	420.025	72.6
1206	103	90	411.011	69.476
1207	103	91	413.898	68.93
1208	103	92	408.745	67.321
1209	103	93	407.413	66.631
1210	103	94	401.854	71.006
1211	103	95	391.749	78.866
1212	103	96	393.509	83.994
1213	106	72	92.908	518.332
1214	106	73	104.651	513.793
1215	106	78	114.306	517.42
1216	106	79	111.57	516.453
1217	106	80	109.279	520.279
1218	106	81	117.974	513.257
1219	106	82	117.571	521.097
1220	106	87	108.815	537.588
1221	106	88	114.706	518.919
1222	106	89	112.159	510.399
1223	106	90	121.909	496.688
1224	106	91	128.613	486.306
1225	106	92	122.028	486.676
1226	106	93	110.138	493.742
