	TRACK_ID	FRAME	POSITION_X	POSITION_Y
1	0	0	148.071	108.964
2	0	1	151.822	98.149
3	0	2	151.518	106.219
4	0	3	153.487	113.107
5	0	5	163.379	96.31
6	0	6	146.681	114.209
7	0	7	154.144	107.497
8	0	8	141.048	113.135
9	0	10	143.931	118.485
10	0	11	149.564	140.234
11	0	12	150.54	145.578
12	0	13	160.347	152.439
13	0	14	163.123	154.184
14	0	16	158.138	164.82
15	0	17	141.571	156.324
16	0	18	146.682	149.224
17	0	19	158.574	149.907
18	0	21	169.593	144.453
19	0	22	169.274	134.663
20	0	23	192.45	131.731
21	0	24	189.743	136.22
22	0	25	182.917	147.108
23	0	26	169.938	157.673
24	0	27	166.96	157.162
25	0	28	177.381	149.322
26	0	29	182.111	158.958
27	5	0	590.272	255.954
28	5	1	582.864	254.262
29	5	2	593.347	259.39
30	5	3	591.148	263.637
31	5	4	582.979	280.003
32	5	5	571.497	290.016
33	5	6	568.603	291.044
34	5	7	559.504	282.973
35	5	8	548.638	279.004
36	5	10	525.996	284.7
37	5	11	513.909	283.801
38	5	12	510.398	281.684
39	5	13	493.244	278.924
40	5	14	491.867	271.502
41	5	15	495.779	264.183
42	5	16	500.377	252.501
43	5	17	508.809	256.606
44	5	18	522.156	249.248
45	5	19	536.241	238.955
46	5	20	545.147	230.796
47	5	21	544.213	221.912
48	5	22	559.499	213.904
49	5	23	569.675	209.451
50	5	24	568.679	206.213
51	5	25	570.903	198.885
52	6	0	554.84	261.983
53	6	1	559.375	238.582
54	6	2	559.231	239.902
55	6	3	558.337	240.685
56	6	4	556.394	240.347
57	6	5	552.576	245.248
58	6	6	548.865	246.433
59	6	7	541.019	248.147
60	6	8	551.93	245.855
61	6	9	529.889	248.01
62	6	10	530.529	247.981
63	6	11	528.433	245.423
64	6	12	528.896	247.587
65	6	13	537.723	246.908
66	6	14	538.944	244.285
67	6	15	536.219	251.387
68	6	16	534.22	251.712
69	6	17	540.732	243.818
70	6	18	536.677	240.898
71	6	19	551.936	238.37
72	6	20	559.515	232.784
73	6	21	557.11	214.978
74	6	22	566.731	205.628
75	6	23	581.994	200.671
76	6	24	572.046	192.007
77	6	25	572.421	187.344
78	6	26	583.8	181.255
79	6	27	579.614	177.243
80	6	28	574.129	156.055
81	6	29	574	153.67
82	6	30	577.504	151.996
83	6	31	572.535	147.462
84	6	32	579.728	149.975
85	6	33	568.383	151.695
86	9	0	179.192	284.77
87	9	1	181.368	292.014
88	9	2	198.417	293.754
89	9	3	197.489	292.562
90	9	4	190.983	301.694
91	9	5	195.645	312.769
92	9	6	208.969	310.043
93	9	7	210.815	316.843
94	9	8	214.83	310.1
95	9	9	213.933	310.767
96	9	10	215.811	307.882
97	9	11	208.297	308.095
98	9	12	203.737	307.955
99	9	13	208.47	305.422
100	9	14	200.108	297.664
101	9	15	199.714	299.302
102	9	16	204.06	301.595
103	9	17	209.032	285.243
104	9	18	216.988	290.929
105	9	19	226.851	289.042
106	9	20	229.223	279.321
107	9	21	230.476	266.748
108	9	22	233	269.621
109	9	23	241.393	258.177
110	9	24	239.858	256.328
111	9	25	233.198	254.981
112	9	28	223.01	267.308
113	9	29	224.926	263.911
114	9	31	231.936	272.095
115	9	32	241.211	274.118
116	10	0	587.475	286.572
117	10	1	603.581	271.951
118	10	2	600.329	276.91
119	10	3	604.088	283.249
120	10	4	600.75	289.086
121	10	5	592.867	299.051
122	10	6	582.221	299.879
123	10	7	572.41	287.587
124	10	8	566.533	278.26
125	10	9	558.631	281.379
126	10	10	542.041	293.958
127	10	11	528.45	304.386
128	10	12	531.822	317.189
129	10	13	541.488	331.426
130	10	14	539.813	334.644
131	10	15	530.417	338.604
132	10	16	523.744	344.174
133	10	17	522.622	355.401
134	10	18	521.455	362.838
135	10	19	520.59	353.647
136	10	20	517.905	351.122
137	10	21	518.477	360.161
138	10	22	517.83	369.598
139	10	23	518.098	372.875
140	10	24	512.835	383.23
141	10	25	509.558	391.933
142	10	26	504.033	400.501
143	10	27	503.44	414.089
144	10	28	502.893	423.318
145	10	29	504.544	430.116
146	10	30	493.794	435.814
147	10	31	490.319	442.759
148	10	32	486.585	448.793
149	10	33	493.652	454.628
150	10	34	494.248	460.158
151	10	35	497.224	460.91
152	10	36	501.329	468.914
153	10	37	512.498	479.905
154	10	38	519.465	487.079
155	10	39	518.091	485.172
156	10	40	514.707	481.804
157	10	41	509.209	473.995
158	10	42	497.868	466.277
159	10	43	493.006	463.145
160	10	44	491.726	460.827
161	10	45	487.084	460.04
162	10	46	488.688	457.962
163	10	47	491.159	472.226
164	10	48	490.095	470.017
165	10	49	492.442	463.342
166	10	50	488.376	472.557
167	10	51	485.946	481.108
168	10	52	482.944	483.643
169	10	53	483.162	479.518
170	10	54	482.63	485.14
171	10	55	483.384	487.164
172	10	56	478.729	498.009
173	10	57	477.836	494.687
174	10	58	485.584	480.869
175	10	59	486.93	481.014
176	10	60	488.429	481.186
177	10	61	487.084	480.499
178	10	62	489.982	478.619
179	10	63	486.09	477.806
180	10	64	487.113	481.761
181	10	65	493.445	480.241
182	10	66	490.661	481.893
183	10	67	485.675	480.949
184	10	68	485.4	482.316
185	10	69	488.688	480.26
186	10	70	488.221	483.213
187	10	71	485.285	478.367
188	10	72	472.972	478.758
189	10	73	459.559	472.77
190	10	74	457.105	476.716
191	10	75	462.084	479.036
192	10	76	460.693	478.57
193	10	77	459.979	478.311
194	10	78	460.937	478.246
195	10	79	461.442	480.753
196	10	80	460.762	479.133
197	10	81	461.693	471.086
198	10	82	461.13	470.337
199	10	83	466.074	467.335
200	10	84	468.935	452.552
201	10	85	462.493	450.175
202	10	86	471.519	450.673
203	10	87	470.295	452.489
204	10	88	469.499	452.697
205	10	89	467.984	450.357
206	10	90	465.223	449.671
207	10	91	448.321	445.22
208	10	92	459.453	435.887
209	10	93	460.235	433.739
210	10	94	449.392	420.849
211	10	95	454.712	419.773
212	10	96	459.629	426.445
213	11	0	225.223	292.71
214	11	1	205.433	285.998
215	11	2	197.242	278.127
216	11	3	199.543	279.817
217	11	4	201.962	289.797
218	11	5	205.079	295.492
219	11	6	208.492	295.411
220	11	7	215.582	298.256
221	11	8	208.185	287.069
222	11	9	209.481	291.259
223	11	10	207.217	290.036
224	11	11	215.917	289.284
225	11	12	212.247	288.843
226	11	13	214.969	286.594
227	11	14	216.501	285.905
228	11	15	210.77	281.773
229	11	16	211.773	284.695
230	11	17	217.886	269.398
231	11	18	215.787	269.848
232	11	19	215.516	271.622
233	11	20	213.721	270.107
234	11	21	211.242	264.462
235	11	22	214.317	268
236	11	23	226.031	267.417
237	11	24	225.553	262.734
238	11	25	232.245	276.907
239	11	26	218.543	277.276
240	11	27	222.873	281.353
241	11	28	219.609	287.108
242	11	29	224.225	281.4
243	11	30	217.438	278.192
244	11	31	223.209	267.466
245	11	32	226.937	267.467
246	11	33	225.891	264.532
247	11	34	231.213	253.834
248	11	35	220.042	263.629
249	11	37	205.505	260.112
250	11	38	202.844	258.921
251	11	39	204.193	254.968
252	11	40	196.896	254.636
253	11	41	201.03	255.502
254	11	42	198.022	253.918
255	11	43	199.95	251.276
256	11	44	197.434	251.16
257	11	45	203.057	248.299
258	11	46	198.284	248.464
259	11	47	193.843	248.4
260	11	48	201.834	245.981
261	11	49	202.823	230.724
262	11	50	207.831	237.488
263	11	51	205.531	230.417
264	11	52	206.015	230.119
265	11	53	204.366	234.845
266	11	54	212.881	219.392
267	11	55	212.252	220.434
268	11	56	212.855	221.974
269	11	59	211.28	233.598
270	11	60	208.348	233.261
271	11	61	215.681	229.108
272	11	62	222.589	236.875
273	11	63	216.18	230.681
274	11	64	214.095	232.309
275	11	65	216.567	231.332
276	11	66	212.409	227.197
277	11	67	205.543	219.548
278	11	68	205.887	216.45
279	11	69	214.469	207.803
280	11	70	217.643	212.652
281	11	71	219.553	215.522
282	11	72	236.303	215.681
283	11	73	242.231	217.156
284	11	74	241.55	215.867
285	11	75	238.735	200.167
286	11	76	246.398	199.45
287	11	77	232.207	208.572
288	11	78	223.142	208.529
289	11	79	237.253	193.587
290	14	0	292.254	310.788
291	14	1	281.543	303.544
292	14	2	271.011	296.849
293	14	3	268.546	298.946
294	14	4	270.272	304.772
295	14	5	269.319	301.005
296	14	6	265.739	301.682
297	14	7	264.084	302.122
298	14	8	264.204	301.358
299	14	9	258.954	301.937
300	14	10	261.866	300.121
301	14	11	265.506	297.173
302	14	12	266.678	293.492
303	14	13	271.154	278.874
304	14	14	270.358	278.488
305	14	15	270.258	279.121
306	14	16	270.254	279.328
307	14	17	270.015	280.07
308	14	18	269.655	281.625
309	14	19	269.863	282.625
310	14	20	268.698	281.761
311	14	21	269.122	282.967
312	14	22	268.896	281.969
313	14	23	268.137	280.927
314	14	24	269.411	281.807
315	14	25	268.808	280.692
316	14	26	267.837	280.06
317	14	27	267.56	281.166
318	14	28	268.164	281.696
319	14	29	268.337	282.048
320	14	30	268.396	282.181
321	14	31	268.277	283.055
322	14	32	271.956	268.684
323	14	33	274.743	267.762
324	14	34	275.541	267.514
325	14	35	274.785	267.635
326	14	36	274.779	267.529
327	14	37	276.046	266.944
328	14	38	268.868	271.578
329	14	39	271.706	269.68
330	14	40	272.329	273.304
331	14	41	274.054	274.257
332	14	42	273.635	275.873
333	14	43	273.249	275.793
334	14	44	272.795	272.804
335	14	45	274.442	267.482
336	14	46	274.646	266.981
337	14	47	282.738	266.006
338	14	48	273.758	268.355
339	14	49	279.871	266.683
340	14	50	274.275	267.721
341	14	51	272.4	268.171
342	14	52	273.129	267.277
343	14	53	273.176	272.131
344	14	54	272.73	275.928
345	14	55	270.816	279.524
346	14	56	271.868	275.375
347	14	57	271.736	274.947
348	14	58	272.399	271.43
349	14	59	273.016	273.846
350	14	60	273.637	276.912
351	14	61	274.891	272.172
352	14	62	274.359	271.968
353	14	63	274.882	273.22
354	14	64	272.844	275.26
355	14	65	272.954	278.186
356	14	66	273.608	277.37
357	14	67	275.142	276
358	14	68	275.802	278.281
359	14	69	273.922	277.026
360	14	70	272.883	275.482
361	14	71	273.024	279.01
362	14	72	272.398	280.153
363	14	73	273.049	276.554
364	14	74	274.698	272.977
365	14	75	274.576	272.951
366	14	76	275.031	277.845
367	14	77	272.755	278.383
368	14	78	272.262	275.926
369	14	79	271.555	275.05
370	14	80	272.756	274.019
371	14	81	272.659	274.977
372	14	82	276.451	276.783
373	14	83	279.705	274.84
374	14	84	278.511	276.58
375	14	85	279.669	276.679
376	14	86	278.408	276.863
377	14	87	284.995	278.424
378	14	88	281.014	275.958
379	14	89	283.597	278.583
380	14	90	282.941	280.272
381	15	0	371.808	367.862
382	15	1	385.992	379.695
383	15	2	389.289	381.916
384	15	3	377.678	369.693
385	15	4	369.406	364.661
386	15	5	367.186	365.892
387	15	6	368.673	364.701
388	15	7	370.327	364.126
389	15	8	369.053	366.958
390	15	9	367.763	359.131
391	15	10	367.499	361.58
392	15	11	366.76	364.321
393	15	12	367.647	367.262
394	15	13	369.52	369.29
395	15	14	372.272	374.25
396	15	16	364.306	384.831
397	15	17	378.95	375.526
398	15	21	375.502	380.085
399	15	22	373.274	378.329
400	15	23	387.726	376.029
401	18	0	379.251	587.358
402	18	1	379.923	589.865
403	18	2	380.466	590.166
404	18	3	380.24	590.165
405	18	4	382.315	591.204
406	18	5	389.89	586.638
407	18	6	393.097	583.099
408	18	7	372.444	578.129
409	18	8	379.948	574.646
410	18	9	357.594	563.92
411	18	10	352.707	570.416
412	18	11	356.038	568.773
413	18	12	351.294	567.474
414	18	13	346.46	569.401
415	18	14	349.006	569.341
416	18	15	346.311	572.724
417	18	16	351.145	573.08
418	18	17	351.636	572.615
419	18	18	342.274	577.835
420	18	19	335.437	566.189
421	18	20	343.424	555.218
422	18	21	348.451	552.302
423	18	22	348.06	552.071
424	18	23	351.897	546.765
425	18	24	356.854	546.572
426	18	25	346.512	550.973
427	18	26	350.896	547.305
428	18	27	339.437	562.213
429	18	28	335.073	569.164
430	18	29	339.285	572.04
431	18	30	336.433	555.869
432	18	31	339.591	556.415
433	18	32	346.445	551.876
434	18	33	341.717	551.415
435	18	34	338.051	553.351
436	18	35	344.406	556.346
437	18	36	351.567	546.524
438	19	0	150.041	590.381
439	19	1	150.034	589.243
440	19	2	151.056	588.498
441	19	3	150.83	587.242
442	19	4	150.924	588.229
443	19	5	149.576	587.064
444	19	6	151.286	587.154
445	19	7	150.788	586.56
446	19	8	150.373	585.848
447	19	9	151.518	583.54
448	19	10	149.66	585.454
449	19	11	149.918	586.892
450	19	12	148.169	585.311
451	19	13	149.486	585.003
452	19	14	148.169	580.601
453	19	15	148.542	573.882
454	19	16	151.6	578.206
455	19	17	152.183	579.373
456	19	18	150.497	582.715
457	19	19	149.064	586.548
458	19	20	148.366	586.503
459	19	21	150.981	583.56
460	19	22	148.941	585.601
461	19	23	147.714	585.774
462	19	24	150.013	586.005
463	19	25	149.019	588.363
464	19	26	146.953	587.328
465	19	27	148.107	585.198
466	19	28	148.798	589.772
467	19	29	143.451	593.071
468	19	30	148.621	590.406
469	19	31	148.754	589.664
470	19	32	148.665	590.609
471	19	33	148.967	589.036
472	19	34	148.908	590.212
473	19	35	148.265	588.067
474	19	36	149.26	590.458
475	19	37	149.045	590.173
476	19	38	148.762	588.509
477	19	39	148.964	589.369
478	19	40	148.946	588.4
479	19	41	154.082	587.411
480	19	42	157.156	586.233
481	19	43	158.785	586.561
482	19	44	158.708	585.9
483	19	45	159.644	586.494
484	19	46	158.268	587.284
485	19	47	158.01	587.836
486	19	48	158.236	588.38
487	19	49	158.276	589.331
488	19	50	157.342	587.304
489	19	51	157.94	586.596
490	19	52	157.073	586.739
491	19	53	157.56	586.745
492	19	54	159.903	586.804
493	19	55	163.497	588.468
494	19	56	157.475	581.925
495	19	57	160.405	575.102
496	19	58	150.111	563.322
497	19	59	150.058	566.306
498	19	60	150.779	566.178
499	19	61	150.956	563.325
500	19	62	148.597	566.28
501	19	63	150.981	565.617
502	19	64	150.125	565.944
503	19	65	149.686	567.949
504	19	66	150.722	565.83
505	19	67	150.755	565.685
506	19	68	150.336	568.069
507	19	69	152.169	566.798
508	19	70	140.214	561.263
509	19	71	139.816	552.794
510	19	72	138.109	552.9
511	19	73	142.379	552.948
512	30	3	456.496	560.281
513	30	4	469.688	548.664
514	30	5	454.604	540.124
515	30	6	443.178	524.878
516	30	7	440.846	516.083
517	30	8	460.647	511.474
518	30	9	471.618	503.072
519	30	12	483.64	501.061
520	30	13	478.927	476.883
521	30	14	492.53	485.655
522	30	15	491.311	477.097
523	30	16	491.165	476.319
524	30	17	480.506	484.069
525	30	18	465.122	490.221
526	30	19	476.41	491.902
527	30	20	494.421	495.338
528	30	21	487.205	503.143
529	30	22	487.313	527.839
530	30	23	484.975	519.138
531	30	24	475.059	511.543
532	30	25	473.305	520.557
533	30	26	461.483	521.642
534	30	27	443.496	535.882
535	30	28	425.163	531.767
536	39	7	229.102	306.897
537	39	8	225.118	291.647
538	39	9	227.982	295.28
539	39	10	226.21	289.178
540	39	11	226.253	298.455
541	39	12	221.642	296.619
542	39	13	227.659	296.077
543	39	16	224.038	293.104
544	39	17	228.421	275.965
545	39	18	231.788	276.634
546	39	19	234.349	270.54
547	39	20	226.539	257.098
548	39	21	219.394	248.13
549	39	22	220.395	251.977
550	39	23	221.671	250.157
551	39	24	219.132	246.162
552	39	25	221.832	260.585
553	39	26	224.938	257.847
554	39	27	231.202	262.669
555	39	28	231.64	271.68
556	39	29	233.547	259.552
557	39	30	230.221	260.132
558	39	31	231	251.43
559	39	32	237.387	254.361
560	39	33	238.463	249.479
561	39	34	238.035	232.958
562	39	35	234.666	243.945
563	39	36	229.877	243.98
564	39	37	226.525	260.168
565	39	38	221.774	255.904
566	39	39	214.36	235.005
567	39	40	213.462	243.814
568	39	41	211.821	241.299
569	39	42	212.133	239.833
570	39	43	215.01	237.937
571	39	44	211.835	236.663
572	39	45	208.594	227.613
573	39	46	206.403	229.9
574	39	47	212.81	236.492
575	39	48	218.676	230.659
576	39	49	218.444	219.275
577	39	50	219.563	220.82
578	39	51	220.36	216.772
579	39	52	218.976	216.632
580	39	53	213.564	217.473
581	39	54	218.225	201.388
582	39	55	220.44	205.029
583	39	56	219.713	202.598
584	39	57	221.461	195.841
585	39	58	226.716	196.596
586	49	11	557.86	35.435
587	49	12	555.759	38.471
588	49	13	532.945	33.003
589	49	14	521.936	31.767
590	49	15	518.561	32.787
591	49	16	526.417	19.914
592	49	17	521.389	10.785
593	49	18	522.6	0
594	49	19	524.177	6.982
595	49	20	502.45	0
596	49	21	497.25	0
597	49	22	499.703	9.88
598	49	23	498.533	25.374
599	49	24	495.651	30.035
600	49	25	495.262	32.468
601	49	26	489.331	49.85
602	49	27	477.796	52.919
603	49	28	478.702	51.587
604	49	29	477.036	58.74
605	49	30	477.543	59.471
606	49	31	490.391	49.254
607	49	32	505.831	41.752
608	49	33	521.302	40.462
609	49	34	535.214	38.412
610	49	35	548.556	36.454
611	49	36	544.096	28.839
612	49	37	547.414	25.593
613	49	38	541.793	15.767
614	49	39	545.582	19.847
615	49	40	552.172	19.705
616	49	41	540.918	30.284
617	49	42	525.488	38.225
618	49	43	512.644	40.716
619	49	44	500.06	41.853
620	49	45	486.98	47.809
621	49	46	479.084	49.361
622	49	47	485.881	47.689
623	49	48	489.839	46.086
624	49	49	497.729	49.914
625	49	50	510.99	49.189
626	49	51	489.396	39.474
627	49	52	484.328	18.894
628	49	53	486.679	15.254
629	56	13	256.899	274.756
630	56	14	258.734	270.326
631	56	15	257.663	272.009
632	56	16	258.643	271.013
633	56	17	261.062	269.132
634	56	18	259.587	272.862
635	56	19	261.685	272.013
636	56	20	263.364	269.961
637	56	21	266.9	270.223
638	56	22	262.636	270.856
639	56	23	261.594	270.576
640	56	24	264.012	271.095
641	56	25	267.267	271.288
642	56	26	266.35	267.715
643	56	27	264.886	269.024
644	56	28	267.634	269.081
645	56	29	269.431	269.198
646	56	30	267.994	268.28
647	56	31	266.118	269.912
648	56	32	282.156	260.238
649	56	33	287.511	265.539
650	56	34	288.645	266.11
651	56	35	288.257	266.878
652	56	36	288.094	268.174
653	56	37	288.692	265.364
654	56	38	280.626	261.299
655	56	39	284.481	261.921
656	56	40	278.763	262.05
657	56	41	276.966	264.376
658	56	42	274.962	265.534
659	56	43	276.177	263.15
660	56	44	281.123	261.97
661	56	45	289.47	264.017
662	56	46	289.918	266.927
663	56	47	294.946	276.162
664	56	48	290.089	269.451
665	56	49	293.202	272.993
666	56	50	289.464	266.906
667	56	51	286.747	263.859
668	56	52	286.564	261.589
669	56	53	278.138	262.738
670	56	54	276.821	264.51
671	56	55	277.352	265.781
672	56	56	278.322	266.898
673	56	57	270.933	265.058
674	56	58	276.753	260.518
675	56	59	276.416	262.428
676	56	60	278.811	261.121
677	56	61	273.45	262.141
678	56	62	276.187	260.187
679	56	63	280.139	260.45
680	56	64	278.619	265.079
681	56	65	274.851	264.939
682	56	66	276.875	263.982
683	56	67	277.027	265.298
684	56	68	275.966	267.803
685	56	69	273.971	265.628
686	56	70	274.713	264.384
687	56	71	274.811	265.845
688	56	72	276.112	267.085
689	56	73	275.787	266.78
690	56	74	279.146	264.212
691	56	75	279.001	264.784
692	56	76	274.69	264.871
693	56	77	274.189	268.307
694	56	78	279.817	263.587
695	56	79	281.337	263.134
696	56	80	281.117	263.659
697	56	81	284.044	261.413
698	75	26	474.208	52.463
699	75	27	460.975	50.205
700	75	28	462.525	54.777
701	75	29	459.077	61.29
702	75	30	457.776	54.064
703	75	31	470.767	44.928
704	75	32	488.375	41.04
705	75	33	501.855	38.15
706	75	34	515.652	34.597
707	75	35	535.746	20.57
708	75	36	529.956	12.287
709	75	37	535.345	7.535
710	75	38	528.45	0
711	75	39	538.85	0
712	75	40	543.4	0
713	75	41	542.749	8.276
714	75	42	538.592	18.979
715	75	43	526.879	28.346
716	75	44	515.558	36.611
717	75	45	500.055	39.477
718	75	46	495.265	41.476
719	75	47	500.569	38.418
720	75	48	505.005	38.457
721	75	49	512.255	41.036
722	75	50	517.118	34.349
723	75	51	497.519	28.302
724	75	52	494.726	13.338
725	75	53	497.617	11.248
726	75	54	494.961	16.124
727	75	55	494.995	10.27
728	75	56	496.704	13.888
729	75	57	501.567	9.529
730	75	58	511.55	0
731	75	60	518.7	0
732	75	61	530.4	0
733	75	63	543.985	12.214
734	75	64	553.263	15.878
735	75	65	554.208	29.594
736	75	66	559.208	24.422
737	89	31	454.716	465.578
738	89	32	440.461	461.951
739	89	33	453.529	469.361
740	89	34	456.546	459.981
741	89	35	457.574	460.236
742	89	36	449.553	462.637
743	89	37	431.197	462.057
744	89	38	410.814	459.968
745	89	39	409.809	443.415
746	89	40	399.331	461.331
747	89	41	394.444	453.544
748	89	42	386.04	430.463
749	89	46	381.006	447.87
750	89	47	393.239	454.113
751	89	48	410.414	436.416
752	89	49	422.641	432.566
753	89	50	439.908	443.784
754	89	51	448.338	440.469
755	89	52	449.915	429.574
756	89	53	450.152	424.327
757	89	54	448.323	408.62
758	89	55	467.09	397.862
759	89	56	482.283	407.247
760	89	57	482.306	407.305
761	89	58	477.811	395.897
762	89	59	469.032	393.236
763	92	33	218.02	249.233
764	92	34	218.975	241.331
765	92	35	213.136	247.79
766	92	36	218.961	236.035
767	92	37	211.72	242.996
768	92	38	206.687	240.869
769	92	39	194.657	238.954
770	92	40	193.239	236.55
771	92	41	189.378	242.966
772	92	42	190.72	237.377
773	92	43	194.432	233.941
774	92	44	190.152	235.53
775	92	45	189.473	235.738
776	92	46	185.189	236.681
777	92	47	190.475	231.723
778	92	48	197.018	228.335
779	92	49	196.564	217.738
780	92	50	198.513	223.383
781	92	51	198.273	215.565
782	92	52	197.373	218.009
783	92	53	193.816	222.095
784	92	54	198.081	212.253
785	92	55	199.579	211.518
786	92	56	199.612	210.939
787	92	57	201.181	206.289
788	92	58	209.54	209.269
789	92	59	196.663	222.825
790	92	60	192.357	224.646
791	92	61	203.084	217.294
792	92	62	210.898	226.501
793	92	63	205.734	215.865
794	92	64	210.198	216.308
795	92	65	204.961	217.453
796	92	66	197.968	216.666
797	92	67	188.897	210.033
798	92	68	189.745	208.347
799	92	69	202.317	198.058
800	92	70	208.002	199.418
801	92	71	214.926	206.504
802	96	34	352.102	229.557
803	96	35	351.958	229.93
804	96	36	346.65	227.149
805	96	37	340.848	228.124
806	96	38	342.406	233.922
807	96	39	341.32	232.279
808	96	40	340.407	231.27
809	96	41	341.874	232.586
810	96	42	341.346	231.926
811	96	43	340.908	231.308
812	96	44	341.789	232.491
813	96	45	342.971	233.646
814	96	46	341.847	233.016
815	96	47	341.588	234.594
816	96	48	344.405	235.875
817	96	49	343.461	236.095
818	96	50	343.785	236.931
819	96	51	342.937	234.315
820	96	52	342.579	232.56
821	96	53	342.594	230.924
822	96	54	341.786	232.037
823	96	55	342.387	231.555
824	96	56	340.999	230.307
825	96	57	340.597	230.721
826	96	58	339.205	234.501
827	96	59	343.759	234.511
828	96	60	343.598	236.954
829	96	61	345.375	236.138
830	96	62	344.486	238.549
831	96	63	340.316	236.086
832	96	64	341.504	239.451
833	96	65	341.033	238.223
834	96	66	343.683	234.81
835	96	67	341.961	235.176
836	96	68	341.198	237.47
837	96	69	340.341	236.027
838	96	70	341.003	238.808
839	96	71	340.475	235.943
840	96	72	342.962	240.232
841	96	73	342.483	237.717
842	96	74	343.487	240.03
843	96	75	348.82	235.624
844	96	76	343.313	236.342
845	96	77	348.645	235.231
846	96	78	344.922	233.339
847	96	79	347.497	230.73
848	96	80	341.367	232.887
849	96	81	341.611	234.737
850	96	82	346.724	237.037
851	96	83	336.002	238.109
852	96	84	342.849	232.794
853	96	85	343.034	239.068
854	96	86	340.333	239.277
855	96	87	321.446	236.268
856	96	88	329.229	242.882
857	96	89	331.08	238.204
858	96	90	330.247	242.557
859	96	91	329.06	240.359
860	96	92	328.644	241.98
861	96	93	330.779	255.807
862	96	94	325.251	256.401
863	96	95	323.26	257.623
864	96	96	321.673	251.881
865	101	38	267.934	109.389
866	101	39	268.109	109.759
867	101	40	267.997	109.34
868	101	41	268.067	109.02
869	101	42	268.014	109.687
870	101	46	268.188	109.894
871	101	47	268.401	110.393
872	101	48	268.29	111.149
873	101	49	268.274	111.319
874	101	50	268.439	110.567
875	101	51	268.238	109.962
876	101	52	268.126	109.335
877	101	53	268.192	108.658
878	101	54	267.938	109.106
879	101	55	268.078	109.213
880	101	56	268.09	109.174
881	101	57	268.08	109.36
882	101	58	268.447	109.004
883	101	59	268.322	109.56
884	101	60	268.245	109.82
885	101	61	268.531	109.588
886	101	62	268.32	110.113
887	101	63	268.413	109.989
888	101	64	268.433	110.061
889	101	65	268.348	110.26
890	101	66	268.412	110.172
891	101	67	268.354	110.337
892	101	68	268.278	110.745
893	101	69	268.317	110.654
894	101	70	268.369	110.445
895	101	71	268.365	110.114
896	101	72	268.25	109.95
897	101	73	268.234	110.459
898	101	74	268.362	110.24
899	101	75	268.118	110.302
900	101	76	267.971	111.048
901	101	77	267.845	110.869
902	101	78	268.237	110.532
903	101	79	268.303	110.254
904	101	80	268.134	110.266
905	101	81	268.335	110.32
906	101	82	268.093	110.471
907	101	83	268.245	110.285
908	101	84	268.183	110.313
909	101	85	268.058	110.548
910	101	86	268.354	110.369
911	101	87	268.282	110.5
912	101	88	274.193	101.882
913	101	90	277.842	113.529
914	101	91	272.418	131.088
915	103	37	421.759	362.326
916	103	38	426.413	363.234
917	103	39	419.695	373.25
918	103	40	427.844	373.234
919	103	41	428.677	372.945
920	103	42	439.051	366.472
921	103	43	427.842	365.359
922	103	44	431.428	367.045
923	103	45	441.135	371.517
924	103	46	426.295	353.584
925	103	47	426.142	360.053
926	103	48	429.872	361.865
927	103	50	437.147	368.902
928	103	51	432.241	363.048
929	103	52	433.479	373.986
930	103	53	426.873	369.002
931	103	55	433.239	361.955
932	103	56	436.528	356.155
933	103	57	433.641	353.497
934	103	58	436.047	350.196
935	103	59	435.646	347.663
936	103	60	433.778	349.331
937	103	61	443.047	354.947
938	103	64	427.41	367.932
939	103	65	407.839	376.579
940	103	66	408.364	376.283
941	103	67	409.651	372.76
942	103	68	406.185	372.465
943	103	69	401.059	372.665
944	108	42	133.799	104.974
945	108	43	128.273	125.766
946	108	44	113.143	113.324
947	108	45	116.951	131.45
948	108	46	133.342	130.971
949	108	47	121.119	118.372
950	108	48	130.15	135.608
951	108	49	135.086	135.388
952	108	50	143.298	134.652
953	108	51	146.585	134.688
954	108	52	138.687	148.328
955	108	53	139.871	142.886
956	108	54	140.877	145.753
957	108	55	139.4	148.365
958	108	56	132.794	157.97
959	108	57	118.126	150.853
960	108	58	112.117	144.502
961	108	59	107.791	150.214
962	108	60	115.318	140.197
963	108	61	116.793	140.871
964	108	62	113.494	144.924
965	108	63	112.975	143.837
966	108	64	130.801	156.106
967	108	65	120.241	156.909
968	108	66	128.565	154.889
969	108	67	121.446	160.105
970	108	68	123.818	150.032
971	108	69	124.083	149.931
972	108	70	138.925	154.454
973	108	71	141.043	142.033
974	108	72	142.583	144.239
975	108	73	144.449	141.448
976	108	74	163.487	138.409
977	108	75	165.133	135.973
978	110	41	441.341	383.077
979	110	42	451.018	378.881
980	110	43	437.787	376.956
981	110	44	441.624	381.683
982	110	45	447.822	387.409
983	110	47	433.739	374.169
984	110	48	433.784	379.028
985	110	49	448.903	384.378
986	110	50	450.607	380.852
987	110	51	442.846	377.674
988	110	52	449.113	383.104
989	110	53	438.146	381.658
990	110	54	455.534	380.921
991	110	55	435.199	378.025
992	110	56	430.128	370.958
993	110	57	425.768	369.161
994	110	58	422.964	362.592
995	110	59	422.769	359.659
996	110	60	425.562	363.917
997	110	61	434.213	364.787
998	110	62	434.522	370.056
999	110	63	442.228	374.197
1000	110	64	428.3	378.489
1001	110	65	425.292	391.198
1002	110	66	430.888	382.76
1003	110	67	424.131	361.165
1004	110	68	421.584	359.262
1005	110	69	424.027	357.136
1006	110	70	440.09	358.235
1007	110	71	427.972	337.037
1008	110	72	414.153	352.929
1009	110	73	416.585	350.476
1010	110	74	410.465	347.553
1011	110	75	401.413	340.714
1012	110	76	405.415	341.071
1013	110	77	420.515	333.269
1014	115	44	552.607	126.825
1015	115	45	557.678	141.036
1016	115	46	557.153	137.244
1017	115	47	561.311	135.723
1018	115	48	561.662	128.27
1019	115	49	563.058	118.393
1020	115	50	566.055	123.665
1021	115	51	561.407	128.205
1022	115	52	565.635	118.442
1023	115	53	569.946	95.826
1024	115	54	567.12	76.2
1025	115	55	572.188	80.193
1026	115	56	570.399	83.259
1027	115	58	573.956	77.933
1028	115	59	580.859	63.985
1029	115	60	567.409	74.12
1030	115	61	568.084	70.993
1031	115	62	579.018	70.746
1032	115	63	574.975	65.642
1033	115	64	570.337	64.903
1034	115	65	572.918	63.19
1035	115	66	575.273	61.966
1036	115	67	591.49	63.551
1037	115	68	595.554	66.033
1038	115	69	609.418	72.637
1039	115	70	617.925	74.311
1040	115	71	632.638	73.86
1041	115	72	644.362	64.896
1042	115	73	633.704	55.961
1043	115	74	626.588	66.41
1044	115	75	625.64	67.275
1045	115	76	628.507	66.439
1046	115	77	618.597	63.67
1047	115	78	611.381	70.118
1048	118	45	118.757	315.692
1049	118	46	107.266	318.523
1050	118	47	121.626	319.986
1051	118	48	122.686	318.762
1052	118	49	122.113	319.057
1053	118	50	124.197	319.16
1054	118	51	125.81	317.945
1055	118	52	130.076	314.852
1056	118	53	123.392	317.915
1057	118	54	128.797	315.05
1058	118	55	140.901	306.875
1059	118	56	144.146	307.873
1060	118	57	141.149	307.484
1061	118	58	147.589	299.454
1062	118	59	155.557	312.216
1063	118	60	153.715	310.504
1064	118	61	161.621	299.833
1065	118	63	150.626	304.582
1066	118	64	155.939	307.578
1067	118	65	162.264	292.928
1068	118	66	169.17	286.781
1069	118	67	168.858	286.897
1070	118	68	151.18	285.479
1071	118	69	157.039	282.999
1072	118	70	148.319	276.402
1073	118	71	140.257	272.274
1074	118	72	140.963	276.079
1075	118	73	138.26	288.954
1076	118	76	143.703	294.76
1077	118	77	155.099	284.534
1078	118	78	164.573	277.319
1079	118	79	180.358	280.691
1080	118	80	164.161	291.266
1081	118	81	166.136	291.232
1082	118	82	162.899	290.627
1083	118	83	179.729	292.755
1084	118	84	189.322	293.854
1085	118	85	187.838	281.184
1086	118	86	186.478	288.332
1087	118	87	204.425	282.061
1088	126	52	157.036	188.025
1089	126	53	169.255	190.424
1090	126	54	163.594	185.717
1091	126	55	157.692	175.035
1092	126	59	147.739	190.853
1093	126	60	157.045	206.912
1094	126	61	164.377	214.763
1095	126	62	166.992	224.454
1096	126	63	169.554	224.907
1097	126	64	171.834	236.363
1098	126	65	176.626	239.408
1099	126	66	173.927	250.505
1100	126	67	176.39	252.358
1101	126	68	179.721	261.097
1102	126	69	183.542	264.938
1103	126	70	187.051	269.622
1104	126	71	180.063	272.737
1105	126	72	183.532	262.688
1106	126	73	178.036	263.333
1107	126	74	178.122	271.229
1108	126	77	171.99	290.396
1109	126	78	181.921	282.533
1110	126	79	188.738	294.705
1111	126	80	179.087	291.368
1112	126	81	183.414	299.361
1113	126	82	177.577	301.326
1114	126	83	185.534	308.248
1115	126	84	181.998	308.019
1116	126	85	187.683	297.092
1117	126	86	187.897	302.046
1118	126	89	186.074	289.064
1119	126	90	189.534	299.434
1120	126	91	193.24	314.221
1121	128	53	120.624	297.541
1122	128	54	121.479	294.392
1123	128	55	124.971	294.951
1124	128	56	130.565	290.992
1125	128	57	126.187	293.225
1126	128	58	136.099	288.484
1127	128	59	138.351	297.277
1128	128	60	143.528	302.724
1129	128	61	152.069	292.716
1130	128	62	151.714	294.852
1131	128	63	147.293	298.162
1132	128	64	141.501	295.884
1133	128	65	148.267	283.161
1134	128	66	148.811	273.918
1135	128	67	146.896	275.139
1136	128	68	142.698	271.915
1137	128	69	139.207	271.922
1138	128	70	138.084	265.033
1139	128	71	136.572	258.4
1140	128	72	139.869	261.472
1141	128	73	127.788	272.52
1142	128	74	115.558	269.816
1143	128	75	134.781	281.458
1144	128	76	138.017	283.385
1145	129	53	584.157	91.844
1146	129	54	582.544	74.91
1147	129	55	586.666	78.83
1148	129	56	582.109	83.095
1149	129	57	584.642	82.611
1150	129	58	586.637	76.193
1151	129	59	583.093	74.323
1152	129	60	580.306	79.084
1153	129	61	583.638	74.93
1154	129	62	586.738	76.802
1155	129	63	586.223	77.323
1156	129	64	582.296	76.907
1157	129	65	585.976	73.672
1158	129	66	582.669	76.287
1159	129	67	585.262	77.975
1160	129	68	586.014	75.351
1161	129	69	607.625	87.427
1162	129	70	620.576	90.703
1163	129	71	633.648	89.666
1164	129	72	636.975	79.381
1165	129	73	634.005	74.09
1166	129	74	630.799	81.91
1167	129	75	628.929	82.361
1168	129	76	624.564	78.506
1169	129	77	615.409	77.229
1170	129	78	611.991	80.934
1171	129	79	607.894	90.315
1172	129	80	607.874	92.992
1173	129	81	606.364	91.854
1174	129	82	610.861	89.548
1175	129	83	605.38	83.482
1176	129	84	599.844	76.662
1177	129	85	585.231	79.418
1178	129	86	580.179	81.142
1179	129	87	583.944	76.604
1180	129	88	581.25	73.532
1181	129	89	582.41	75.404
1182	129	90	578.722	72.116
1183	129	91	575.276	64.709
1184	129	92	569.756	62.238
1185	129	93	569.514	67.463
1186	129	94	586.576	76.269
1187	129	95	602.535	78.248
1188	129	96	610.276	81.749
1189	131	55	439.464	313.067
1190	131	56	437.902	307.441
1191	131	57	435.883	303.329
1192	131	58	446.757	298.573
1193	131	59	451.223	296.316
1194	131	60	446.393	303.957
1195	131	61	442.675	305.861
1196	131	62	437.605	305.999
1197	131	63	438.646	293.016
1198	131	64	431.182	291.644
1199	131	65	434.035	283.93
1200	131	66	429.545	283.348
1201	131	67	429.805	277.759
1202	131	68	421.2	274.211
1203	131	69	424.856	276.668
1204	131	70	427.994	278.882
1205	131	71	426.933	278.425
1206	131	72	432.217	275.862
1207	131	73	427.796	272.458
1208	131	74	425.271	277
1209	131	75	417.461	276.045
1210	131	76	419.245	277.911
1211	131	77	418.352	274.513
1212	131	78	426.638	268.501
1213	131	79	428.349	271.976
1214	131	80	418.939	266.478
1215	131	81	419.528	272.328
1216	131	82	414.318	277.547
1217	131	83	423.753	283.222
1218	131	84	440.016	286.132
1219	131	85	435.019	273.143
1220	131	86	441.135	272.293
1221	131	87	442.074	279.763
1222	131	88	442.773	274.119
1223	131	89	439.818	275.738
1224	131	90	442.323	284.12
1225	131	91	442.001	283.412
1226	131	92	444.084	286.379
1227	131	93	445.843	284.454
1228	131	94	441.139	274.331
1229	131	95	442.362	280.049
1230	131	96	439.724	280.545
1231	136	58	223.989	214.449
1232	136	59	216.541	215.081
1233	136	60	210.774	213.032
1234	136	61	223.106	208.279
1235	136	62	229.585	215.152
1236	136	63	227.921	212.98
1237	136	64	231.363	223.599
1238	136	65	227.658	213.768
1239	136	66	219.346	207.701
1240	136	67	207.614	198.889
1241	136	68	210.645	194.816
1242	136	69	220.279	183.466
1243	136	70	229.346	194.628
1244	136	71	232.736	198.516
1245	136	72	243.011	195.9
1246	136	73	246.037	196.616
1247	136	74	237.051	195.007
1248	136	75	231.633	182.735
1249	136	76	231.706	189.995
1250	136	77	231.874	189.4
1251	136	78	228.137	189.109
1252	136	79	227.105	182.062
1253	136	80	227.423	179.119
1254	136	81	222.78	180.926
1255	136	82	224.512	183.972
1256	136	83	220.019	173.186
1257	136	84	222.067	161.197
1258	136	85	208.879	150.055
1259	136	86	229.551	144.262
1260	136	87	234.515	135.751
1261	139	59	448.346	289.868
1262	139	60	447.078	292.858
1263	139	61	432.315	297.226
1264	139	62	428.993	298.312
1265	139	63	428.402	295.019
1266	139	64	420.433	295.965
1267	139	65	425.829	290.305
1268	139	66	424.534	293.406
1269	139	67	432.43	288.271
1270	139	68	426.368	285.122
1271	139	69	423.689	287.522
1272	139	70	423.285	289.997
1273	139	71	431.401	290.365
1274	139	72	427.902	287.197
1275	139	73	432.542	286.034
1276	139	74	432.618	289.478
1277	139	75	422.882	286.426
1278	139	78	436.982	279.63
1279	139	79	433.761	283.881
1280	139	80	426.919	271.256
1281	139	81	431.755	268.371
1282	139	82	433.324	275.375
1283	139	83	439.769	281.969
1284	139	84	448.682	284.977
1285	139	85	447.683	277.205
1286	139	86	455.712	283.64
1287	139	87	459.641	284.589
1288	139	88	454.74	276.29
1289	139	89	457.178	275.42
1290	139	90	463.211	285.599
1291	139	91	453.377	284.642
1292	139	92	455.39	284.625
1293	139	93	457.178	278.198
1294	139	94	454.612	274.259
1295	139	95	454.036	278.64
1296	139	96	446.3	270.277
1297	148	64	129.598	315.068
1298	148	65	138.593	309.131
1299	148	66	137.892	296.406
1300	148	67	136.603	294.717
1301	148	68	136.413	293.567
1302	148	69	140.572	290.902
1303	148	70	145.249	290.804
1304	148	71	141.317	290.609
1305	148	72	149.624	290.716
1306	148	73	144.868	302.771
1307	148	74	128.453	311.656
1308	148	75	129.335	312.901
1309	148	76	119.27	305.488
1310	148	77	122.066	308.492
1311	148	78	122.146	317.528
1312	148	79	132.69	316.517
1313	148	80	137.833	318.485
1314	148	81	150.496	329.906
1315	148	82	142.405	329.788
1316	148	83	136.187	323.94
1317	148	84	127.204	326.465
1318	148	85	125.327	321.318
1319	148	86	106.445	336.792
1320	148	87	103.635	333.968
1321	148	88	112.567	341.128
1322	148	89	112.737	351.826
1323	148	90	107.824	367.989
1324	148	91	116.45	366.536
1325	148	94	98.227	367.746
1326	148	95	96.625	376.419
1327	148	96	82.799	380.595
1328	156	69	590.055	547.62
1329	156	70	575.929	551.268
1330	156	71	581.711	553.623
1331	156	72	593.651	554.13
1332	156	73	591.977	560.984
1333	156	74	596.031	563.338
1334	156	75	598.941	566.014
1335	156	76	592.774	569.832
1336	156	77	590.39	576.142
1337	156	78	594.473	585.337
1338	156	79	589.032	583.789
1339	156	80	586.145	581.082
1340	156	81	572.839	575.079
1341	156	82	557.908	559.548
1342	156	83	549.111	563.087
1343	156	84	547.432	568.054
1344	156	85	545.255	567.799
1345	156	86	547.032	576.531
1346	156	87	545.557	573.13
1347	156	88	541.269	570.341
1348	156	89	544.271	575.134
1349	156	90	533.614	574.13
1350	156	91	535.919	574.302
1351	156	92	537.991	580.039
1352	156	93	535.667	579.68
1353	156	94	534.882	580.657
1354	156	95	540.019	576.989
1355	156	96	540.85	574.315
1356	157	69	509.6	0
1357	157	70	501.836	6.423
1358	157	71	495.796	10.809
1359	157	72	492.639	18.45
1360	157	73	497.277	12.122
1361	157	74	495.591	16.81
1362	157	75	497.844	15.383
1363	157	76	495.088	18.4
1364	157	77	488.661	25.851
1365	157	78	488.715	26.478
1366	157	79	485.575	27.064
1367	157	80	484.819	25.882
1368	157	81	481.106	16.561
1369	157	82	481.063	15.827
1370	157	83	474.371	14.636
1371	157	84	477.868	17.997
1372	157	85	478.61	19.258
1373	157	86	485.78	18.863
1374	157	87	488.673	19.924
1375	157	88	497.406	24.843
1376	157	89	500.64	26.352
1377	157	90	500.477	28.609
1378	157	91	501.008	33.308
1379	157	92	504.544	35.891
1380	157	93	509.57	40.416
1381	157	94	519.715	37.735
1382	157	95	526.722	32.486
1383	157	96	534.058	35.82
