	TRACK_ID	FRAME	POSITION_X	POSITION_Y
1	0	0	648.596	58.533
2	0	1	646.641	56.007
3	0	2	648.838	57.992
4	0	3	648.06	59.928
5	0	4	646.919	59.509
6	0	5	646.473	54.101
7	0	6	645.419	53.646
8	0	7	650.713	71.639
9	0	8	657.824	73.641
10	0	9	661.847	74.183
11	0	10	659.105	75.409
12	0	11	660.113	73.927
13	0	12	653.74	69.735
14	0	13	655.052	67.376
15	0	14	655.493	61.992
16	0	15	654.782	63.842
17	0	16	656.735	60.891
18	0	17	657.553	59.009
19	0	18	664.95	53.95
20	0	19	664.95	52.65
21	0	20	664.95	53.3
22	0	21	664.95	51.35
23	0	25	664.95	51.35
24	0	26	664.95	50.7
25	7	0	391.983	239.994
26	7	1	393.276	242.6
27	7	2	397.113	248.454
28	7	3	392.739	247.378
29	7	4	393.845	245.106
30	7	5	396.194	245.307
31	7	6	394.467	245.426
32	7	7	395.918	243.421
33	7	8	399.723	241.753
34	7	9	394.188	242.867
35	7	10	400.734	242.394
36	7	11	404.843	237.047
37	7	12	404.303	237.732
38	7	13	407.535	242.134
39	7	14	405.134	245.889
40	7	15	401.692	240.852
41	7	16	402.593	241.27
42	7	17	410.628	239.325
43	7	18	409.592	239.094
44	7	19	410.38	240.698
45	7	20	409.189	241.675
46	7	21	408.599	240.526
47	7	22	410.273	240.434
48	7	23	405.784	247.688
49	7	24	411.798	241.133
50	7	25	411.699	241.79
51	7	26	413.321	241.041
52	7	27	410.515	241.632
53	7	28	408.529	245.269
54	7	29	408.556	245.072
55	7	30	410.386	241.695
56	7	31	412.36	241.592
57	7	32	414.16	243.438
58	7	33	412.255	242.488
59	7	34	413.394	240.296
60	7	35	413.033	240.147
61	7	36	412.166	240.084
62	7	37	413.304	239.519
63	7	38	415.074	239.91
64	7	39	412.43	240.489
65	7	40	412.033	240.76
66	7	41	411.403	239.711
67	7	42	408.011	237.816
68	7	43	409.304	238.35
69	7	44	405.585	243.511
70	7	45	405.39	242.967
71	7	46	408.181	242.533
72	7	47	409.228	243.206
73	7	48	408.575	241.688
74	7	49	409.974	242.061
75	7	50	409.271	240.953
76	7	51	404.393	246.87
77	7	52	405.168	249.037
78	7	53	404.407	249.352
79	7	54	403.112	245.298
80	7	55	405.64	246.849
81	7	56	403.145	246.745
82	7	57	408.718	237.448
83	7	58	409.112	233.719
84	7	61	399.762	228.032
85	7	62	414.555	229.211
86	7	63	417.504	228.113
87	7	64	418.703	228.429
88	7	65	416.66	232.301
89	7	66	414.834	229.964
90	7	67	415.815	228.133
91	7	68	414.261	226.874
92	7	69	412.591	229.215
93	7	70	416.703	225.126
94	7	71	415.954	224.254
95	7	72	415.404	218.396
96	7	73	413.97	220.704
97	7	74	420.081	224.212
98	7	75	421.943	227.384
99	7	76	424.308	220.602
100	7	77	421.18	219.405
101	7	78	419.785	214.923
102	7	79	422.983	220.549
103	7	80	421.737	216.654
104	7	81	418.05	219.365
105	7	82	417.518	218.207
106	7	83	416.546	215.252
107	7	84	418.326	218.002
108	7	85	416.554	216.856
109	7	86	416.184	218.434
110	7	87	418.336	218.507
111	7	88	419.661	216.288
112	7	89	416.205	221.105
113	7	90	417.068	221.604
114	7	91	416.716	229.133
115	7	92	417.151	229.155
116	7	93	419.523	229.452
117	7	94	414.876	228.594
118	7	95	415.063	228.11
119	7	96	414.678	228.191
120	18	0	233.773	532.802
121	18	1	233.901	531.346
122	18	2	222.261	527.797
123	18	3	231.594	513.032
124	18	4	232.592	515.298
125	18	5	229.278	521.506
126	18	6	228.739	527.815
127	18	7	219.237	519.238
128	18	8	216.918	521.39
129	18	9	215.468	521.536
130	18	10	216.171	518.344
131	18	11	215.638	521.011
132	18	12	216.225	519.628
133	18	13	217.91	520.214
134	18	14	218.775	519.812
135	18	15	218.665	521.238
136	18	16	220.249	520.676
137	18	17	218.625	519.428
138	18	18	219.04	522.106
139	18	19	218.819	522.556
140	18	20	219.279	524.266
141	18	21	219.388	522.276
142	18	22	218.457	519.902
143	18	23	219.919	521.385
144	18	24	218.792	522.888
145	18	25	220.027	522.301
146	18	26	220.707	523.627
147	18	27	220.228	519.641
148	18	28	220.106	520.299
149	18	29	221.303	519.271
150	18	30	222.417	518.281
151	18	31	221.74	518.694
152	18	32	221.863	519.098
153	18	33	221.964	519.279
154	18	34	221.69	518.937
155	18	35	222.357	518.003
156	18	36	221.822	517.887
157	18	37	221.526	519.296
158	18	38	220.786	519.878
159	18	39	221.595	518.739
160	18	40	222.395	518.617
161	18	41	222.732	519.19
162	18	42	222.439	517.176
163	18	43	224.173	515.555
164	18	44	222.664	516.573
165	18	45	220.919	518.292
166	18	46	220.844	518.649
167	18	47	220.311	520.564
168	18	48	221.551	520.219
169	18	49	221.453	520.248
170	18	50	222.041	519.528
171	18	51	223.659	514.67
172	18	52	224.07	514.415
173	18	53	222.934	515.301
174	18	54	224.009	514.637
175	18	55	224.298	516.66
176	18	56	224.941	516.358
177	18	57	224.585	516.817
178	18	58	223.581	516.064
179	18	59	223.725	517.447
180	18	60	223.325	516.476
181	18	61	222.995	517.493
182	18	62	223.939	518.782
183	18	63	223.297	516.535
184	18	64	223.745	518.034
185	18	65	223.66	517.913
186	18	66	223.786	517.264
187	18	67	223.574	517.847
188	18	68	223.72	517.748
189	18	69	223.054	517.926
190	18	70	222.854	519.684
191	18	71	223.088	519.096
192	18	72	223.026	518.758
193	18	73	222.897	519.178
194	18	74	222.537	519.821
195	18	75	222.491	520.493
196	18	76	222.726	518.825
197	18	77	223.751	519.697
198	18	78	223.652	518.127
199	18	79	222.483	518.78
200	18	80	223.168	518.085
201	18	81	221.597	520.049
202	18	82	221.384	520.633
203	18	83	222.369	519.657
204	18	84	224.038	517.715
205	18	85	222.819	517.878
206	18	86	223.212	517.843
207	18	87	224.405	519.203
208	18	88	223.762	518.943
209	18	89	221.568	519.535
210	18	90	222.088	519.342
211	18	91	223.99	519.31
212	18	92	222.32	517.689
213	18	93	221.876	517.777
214	18	94	221.511	518.348
215	18	95	222.066	518.765
216	18	96	222.765	518.039
217	19	0	438.878	551.311
218	19	1	436.451	550.871
219	19	2	437.54	553.653
220	19	3	441.638	555.131
221	19	4	443.751	554.498
222	19	5	446.995	553.333
223	19	6	441.882	550.609
224	19	7	444.54	551.157
225	19	8	437.63	547.894
226	19	9	433.705	545.223
227	19	10	440.187	550.062
228	19	11	438.396	549.418
229	19	12	444.959	552.568
230	19	13	438.444	550.524
231	19	14	441.179	552.866
232	19	15	451.289	560.347
233	19	16	448.103	562.846
234	19	17	447.164	557.987
235	19	18	448.012	547.44
236	19	19	450.264	544.987
237	19	20	445.833	542.238
238	19	21	445.023	540.247
239	19	22	435.155	536.216
240	19	23	429.329	532.687
241	19	24	428.743	534.413
242	19	25	428.587	533.873
243	19	26	429.792	543.712
244	19	27	429.028	543.871
245	19	28	426.859	543.995
246	19	29	419.149	541.369
247	19	30	420.86	542.292
248	21	0	28.411	608.732
249	21	1	29.597	610.459
250	21	2	30.963	613.081
251	21	3	30.337	610.777
252	21	4	26.184	605.181
253	21	5	24.452	602.077
254	21	6	27.363	603.991
255	21	7	28.465	603.706
256	21	8	26.915	601.397
257	21	9	25.781	601.139
258	21	10	24.611	599.659
259	21	11	24.664	598.514
260	21	12	25.035	597.92
261	21	13	25.529	598.519
262	21	14	24.381	589.721
263	21	15	26.155	581.002
264	21	16	28.366	575.776
265	21	17	29.241	573.239
266	21	18	29.862	572.526
267	21	19	28.885	573.561
268	21	20	28.65	573.501
269	21	21	28.238	574.516
270	21	22	28.162	573.868
271	21	23	27.88	573.57
272	21	24	27.738	573.476
273	21	25	27.832	573.319
274	21	26	27.896	573.036
275	21	27	27.784	573.726
276	21	28	27.688	573.546
277	21	29	27.683	574.295
278	21	30	27.614	574.062
279	21	31	27.52	574.25
280	21	32	27.365	574.468
281	21	33	27.518	574.036
282	21	34	27.545	574.029
283	21	35	27.579	574.295
284	21	36	27.417	573.963
285	21	37	27.724	573.948
286	21	38	27.8	573.957
287	21	39	27.846	573.359
288	21	40	27.867	573.725
289	21	41	28.298	573.795
290	21	42	28.564	573.739
291	21	43	28.846	573.452
292	21	44	28.62	573.552
293	21	45	28.759	573.399
294	21	46	28.78	573.565
295	21	47	28.741	573.317
296	21	48	28.657	573.868
297	21	49	28.925	573.5
298	21	50	29.043	573.183
299	21	51	29.003	573.164
300	21	52	28.932	573.186
301	21	53	28.983	573.509
302	21	54	29.041	573.095
303	21	55	28.918	573.047
304	21	56	29.17	573.57
305	21	57	29.358	573.656
306	21	58	29.268	573.698
307	21	59	29.283	573.837
308	21	60	29.582	573.758
309	21	61	29.369	573.893
310	21	62	29.459	573.851
311	21	63	29.622	573.56
312	21	64	29.476	573.565
313	21	65	29.51	573.843
314	21	66	29.413	573.533
315	21	67	29.479	573.711
316	21	68	29.618	573.426
317	21	69	29.716	573.371
318	21	70	29.698	573.685
319	21	71	29.815	572.585
320	21	72	29.699	573.184
321	21	73	29.841	572.9
322	21	74	29.788	573.054
323	21	75	29.811	573.213
324	21	76	29.782	572.847
325	21	77	29.7	573.532
326	21	78	29.956	572.701
327	21	79	29.735	572.912
328	21	80	29.857	572.71
329	21	81	29.837	572.807
330	21	82	29.714	572.875
331	21	83	29.921	572.674
332	21	84	29.847	572.192
333	21	85	29.883	572.577
334	21	86	29.77	572.648
335	21	87	29.923	572.621
336	21	88	29.992	572.648
337	21	89	28.243	574.541
338	21	90	26.062	577.029
339	21	91	26.268	577.059
340	21	92	25.468	578.334
341	21	93	23.938	579.735
342	21	94	23.61	581.117
343	21	95	23.842	580.722
344	21	96	24.47	579.982
345	23	0	653.16	48.971
346	23	1	654.111	51.826
347	23	2	653.888	55.661
348	23	3	654.736	57.366
349	23	4	654.153	57.303
350	23	5	652.67	52.795
351	23	6	652.829	52.932
352	23	7	658.863	67.101
353	23	8	664.95	66.3
354	23	9	664.95	72.8
355	23	10	664.95	67.6
356	23	11	664.95	72.15
357	23	12	664.95	67.6
358	23	16	664.95	65.65
359	23	17	664.95	64.35
360	23	19	664.95	61.1
361	23	20	664.95	61.75
362	23	21	664.95	59.8
363	23	23	664.95	61.1
364	23	24	664.95	61.75
365	23	25	664.95	64.35
366	26	6	198.002	107.19
367	26	7	203.536	108.52
368	26	8	212.646	107.35
369	26	9	213.658	119.838
370	26	10	212.646	126.194
371	26	11	222.188	133.092
372	26	12	228.663	130.22
373	26	13	221.203	142.131
374	26	14	218.423	153.956
375	26	15	211.681	162.598
376	26	16	212.494	156.582
377	26	17	212.001	158.017
378	26	18	202.423	141.04
379	26	19	200.06	137.72
380	26	20	189.948	128.185
381	26	21	188.344	130.507
382	26	22	192.757	131.955
383	26	23	200.268	125.786
384	26	24	193.596	119.277
385	26	25	173.08	111.273
386	26	26	172.096	103.75
387	26	27	173.82	95.263
388	26	28	175.072	88.129
389	26	29	193.363	85.025
390	26	30	197.074	94.043
391	26	31	198.252	102.413
392	26	32	202.264	98.638
393	26	33	190.032	100.46
394	26	34	191.195	98.02
395	26	35	198.619	95.076
396	26	36	191.683	98.483
397	26	37	192.311	98.113
398	26	38	198.575	94.121
399	26	39	194.164	97.071
400	26	40	198.434	93.453
401	26	41	193.598	99.141
402	26	42	189.265	104.404
403	26	43	177.796	103.764
404	26	44	180.807	106.393
405	26	45	160.664	114.585
406	26	46	148.377	114.634
407	26	47	146.275	114.045
408	26	48	152.917	119.364
409	29	8	24.329	590.954
410	29	9	24.505	589.412
411	29	10	24.652	587.901
412	29	11	25.046	586.397
413	29	12	25.714	586.565
414	29	13	28.552	587.392
415	29	14	30.685	581.446
416	29	15	33.739	575.916
417	29	16	37.58	572.271
418	29	17	39.594	570.826
419	29	18	39.502	570.598
420	29	19	39.21	571.301
421	29	20	40.129	571.004
422	29	21	40.603	571.045
423	29	22	40.905	570.574
424	29	23	40.989	570.373
425	29	24	41.015	570.44
426	29	25	41.366	570.395
427	29	26	41.542	570.241
428	29	27	41.526	570.716
429	29	28	41.491	570.357
430	29	29	41.455	570.737
431	29	30	41.346	570.467
432	29	31	41.343	570.842
433	29	32	41.258	571.054
434	29	33	41.384	570.702
435	29	34	41.483	570.599
436	29	35	41.525	570.899
437	29	36	41.334	570.614
438	29	37	41.74	570.5
439	29	38	41.845	570.685
440	29	39	41.905	570.001
441	29	40	41.937	570.507
442	29	41	41.788	570.642
443	29	42	41.962	570.306
444	29	43	42.177	570.088
445	29	44	41.9	570.261
446	29	45	42.128	569.968
447	29	46	42.097	570.287
448	29	47	42.071	570.128
449	29	48	41.966	570.547
450	29	49	42.148	570.301
451	29	50	42.366	569.873
452	29	51	42.39	570.039
453	29	52	42.225	570.383
454	29	53	42.347	570.72
455	29	54	42.472	570.369
456	29	55	42.307	570.482
457	29	56	42.51	570.785
458	29	57	42.627	570.999
459	29	58	42.567	570.894
460	29	59	42.647	571.041
461	29	60	42.813	571.112
462	29	61	42.657	571.191
463	29	62	42.774	571.124
464	29	63	42.913	570.987
465	29	64	42.811	571.055
466	29	65	42.81	571.465
467	29	66	42.687	571.363
468	29	67	42.803	571.392
469	29	68	42.905	571.015
470	29	69	42.911	571.012
471	29	70	43.02	571.268
472	29	71	43.06	570.368
473	29	72	42.917	570.999
474	29	73	43.118	570.783
475	29	74	42.912	570.895
476	29	75	43.026	570.933
477	29	76	43.037	570.615
478	29	77	42.904	571.279
479	29	78	43.156	570.605
480	29	79	42.992	570.788
481	29	80	42.939	570.766
482	29	81	43.092	570.81
483	29	82	42.842	570.943
484	29	83	43.102	570.783
485	29	84	43.094	570.282
486	29	85	43.03	570.685
487	29	86	42.964	570.827
488	29	87	43.134	570.807
489	29	88	42.99	570.69
490	29	89	41.141	571.608
491	29	90	38.36	573.106
492	29	91	38.756	573.201
493	29	92	37.544	573.32
494	29	93	35.88	574.195
495	29	94	35.024	575.316
496	29	95	35.392	574.768
497	29	96	36.017	574.21
498	32	7	638.368	137.469
499	32	8	636.098	137.107
500	32	9	635.586	131.233
501	32	10	637.02	121.899
502	32	11	637.185	124.904
503	32	12	635.62	130.668
504	32	13	635.261	133.134
505	32	14	634.103	131.535
506	32	15	628.993	130.966
507	32	16	626.796	131.03
508	32	17	624.298	133.095
509	32	18	619.067	130.684
510	32	19	616.353	126.872
511	32	20	617.353	120.044
512	32	21	614.676	120.136
513	32	22	615.539	117.685
514	32	23	617.817	119.156
515	32	24	617.512	117.896
516	32	25	616.354	115.466
517	32	26	617.888	117.841
518	32	27	616.27	119.306
519	32	28	616.491	115.959
520	32	29	617.005	117.558
521	32	30	617.413	119.112
522	32	31	616.901	121.513
523	32	32	615.963	119.35
524	32	33	616.491	118.329
525	32	34	615.655	117.629
526	32	35	615.623	118.077
527	32	36	614.835	117.669
528	32	37	612.605	113.782
529	32	38	611.955	109.787
530	32	39	610.131	114.059
531	32	40	612.504	115.42
532	32	41	612.336	117.415
533	32	42	612.369	115.423
534	32	43	611.293	113.759
535	32	44	609.658	113.768
536	32	45	611.208	116.154
537	32	46	612.521	117.182
538	32	47	613.857	117.628
539	32	48	613.851	116.382
540	32	49	613.514	116.113
541	32	50	614.782	115.835
542	32	51	612.886	119.27
543	32	52	613.161	119.376
544	32	53	612.67	117.735
545	32	54	613.567	116.801
546	32	55	613.65	116.455
547	32	56	614.269	117.24
548	32	57	614.196	118.621
549	32	58	614.392	118.295
550	32	59	612.848	118.504
551	32	60	613.918	119.265
552	32	61	611.303	118.119
553	32	62	610.984	121.398
554	32	63	610.904	119.656
555	32	64	614.018	120.046
556	32	65	610.794	119.453
557	32	66	612.935	119.6
558	32	67	613.526	119.404
559	32	68	611.556	119.195
560	32	69	612.843	120.208
561	32	70	612.136	120.766
562	32	71	614.179	119.462
563	32	72	614.038	120.719
564	32	73	613.692	118.695
565	32	74	612.332	119.681
566	32	75	611.908	125.995
567	32	76	611.39	120.27
568	32	77	611.641	122.491
569	32	78	612.569	121.586
570	32	79	612.932	122.024
571	32	80	613.436	121.417
572	32	81	614.37	122.711
573	32	82	614.033	123.206
574	32	83	615.496	122.809
575	32	84	614.801	122.438
576	32	85	615.452	121.261
577	32	86	615.621	121.112
578	32	87	616.004	121.748
579	32	88	613.729	122.887
580	32	89	615.284	122.185
581	32	90	612.773	122.751
582	32	91	612.506	123.963
583	32	92	613.954	124.197
584	32	93	612.424	126.094
585	32	94	611.007	124.186
586	32	95	609.391	124.67
587	32	96	608.799	123.977
588	37	15	109.813	458.979
589	37	16	98.197	457.409
590	37	17	103.528	454.621
591	37	18	111.043	451.306
592	37	19	115.444	460.846
593	37	20	113.894	459.42
594	37	21	117.893	450.213
595	37	22	125.016	455.576
596	37	23	137.775	457.648
597	37	24	129.886	444.564
598	37	25	127.245	439.342
599	37	26	128.626	432.97
600	37	27	123.526	420.251
601	37	28	121.42	413.971
602	37	29	125.834	408.487
603	37	30	126.905	405.731
604	37	31	124.213	398.364
605	37	32	126.34	399.907
606	37	33	129.471	402.385
607	37	34	139.13	390.874
608	37	35	141.862	392.861
609	37	36	138.203	391.314
610	37	37	135.411	388.205
611	37	38	135.469	378.144
612	37	39	141.098	374.813
613	37	40	145.054	371.731
614	37	41	147.374	368.821
615	37	42	156.955	353.654
616	37	43	149.056	353.098
617	37	44	155.864	356.221
618	37	45	154.464	354.123
619	37	46	166.802	341.591
620	37	47	177.055	337.315
621	37	48	176.159	332.54
622	37	49	171.475	327.723
623	37	50	171.738	336.023
624	37	51	164.97	337.653
625	37	52	162.047	334.985
626	37	53	171.847	334.612
627	37	54	171.262	340.353
628	37	55	176.146	345.519
629	37	56	185.748	346.351
630	37	57	187.304	350.571
631	37	58	186.956	350.874
632	37	59	185.087	341.603
633	37	60	189.532	343.908
634	37	61	197.816	347.746
635	40	19	0	630.5
636	40	20	0	629.85
637	40	21	0	633.1
638	40	22	5.024	633.384
639	40	23	9.2	637.167
640	40	24	15.003	631.547
641	40	25	18.417	626.493
642	40	26	15.708	630.341
643	40	27	19.978	630.028
644	40	28	18.404	631.6
645	40	29	19.195	631.585
646	40	30	15.101	629.132
647	40	31	9.441	628.009
648	40	32	5.926	617.328
649	40	33	3.891	616.159
650	40	34	6.588	619.293
651	40	35	5.68	619.027
652	40	36	5.68	622.574
653	40	37	15.023	625.671
654	40	38	17.775	618.27
655	40	39	19.609	619.54
656	40	40	23.074	611.453
657	40	41	26.023	609.229
658	40	42	16.102	602.527
659	40	43	18.452	603.899
660	40	44	12.685	600.985
661	40	45	11.116	599.349
662	40	46	6.977	607.916
663	40	47	8.137	600.096
664	40	48	8.114	598.581
665	40	49	0	598
666	40	50	0	603.2
667	43	22	305.512	487.465
668	43	23	296.63	482.341
669	43	24	297.417	482.114
670	43	25	299.699	478.751
671	43	26	303.888	479.815
672	43	27	304.56	478.859
673	43	28	306.693	480.961
674	43	29	312.6	485.441
675	43	30	303.624	481.486
676	43	31	306.166	489.147
677	43	32	312.336	495.354
678	43	33	294.611	504.284
679	43	34	284.169	507.442
680	43	35	295.294	501.558
681	43	36	291.493	499.849
682	43	37	292.671	497.656
683	43	38	291.068	500.255
684	43	39	285.24	493.394
685	43	40	282.678	489.253
686	43	41	275.445	489.991
687	43	42	274.406	483.268
688	43	43	273.815	487.213
689	43	44	273.617	493.802
690	43	45	273.942	488.549
691	43	46	275.154	491.677
692	43	47	276.201	491.357
693	43	48	275.491	489.72
694	43	49	276.083	491.984
695	43	50	270.227	490.667
696	43	51	266.74	496.635
697	43	52	268.82	498.314
698	43	53	266.832	501.268
699	43	54	270.686	501.395
700	43	55	268.484	499.798
701	43	56	271.33	499.136
702	43	57	268.132	499.627
703	43	58	268.209	505.289
704	43	59	266.221	507.202
705	43	60	263.502	507.749
706	43	61	264.408	508.077
707	43	62	266.191	511.234
708	43	63	269.93	509.61
709	43	64	265.209	507.524
710	43	65	266.254	507.914
711	43	66	269.068	508.244
712	43	67	264.824	507.889
713	43	68	265.776	509.434
714	43	69	266.23	508.454
715	43	70	264.75	507.218
716	43	71	265.938	505.375
717	43	72	263.13	505.143
718	43	73	263.073	507.546
719	43	74	263.387	508.929
720	43	75	264.743	512.504
721	43	76	267.381	509.682
722	43	77	266.042	510.787
723	43	78	261.805	506.435
724	43	79	266.1	508.815
725	43	80	268.156	516.739
726	43	81	265.254	507.789
727	43	82	265.173	513.349
728	43	83	262.985	505.635
729	43	84	250.078	508.074
730	43	85	255.057	506.432
731	43	86	257.06	508.247
732	43	87	257.05	504.435
733	43	88	255.091	500.688
734	43	89	250.28	495.86
735	43	90	251.211	497.951
736	43	91	253.611	497.847
737	43	92	245.548	492.479
738	43	93	241.985	499.903
739	43	94	241.481	503.456
740	43	95	235.602	498.789
741	43	96	237.587	498.766
742	47	32	397.914	252.477
743	47	33	396.392	245.205
744	47	34	400.346	245.733
745	47	35	399.128	246.605
746	47	36	396.371	239.386
747	47	37	399.324	244.291
748	47	38	399.374	243.199
749	47	39	396.496	240.862
750	47	40	395.92	241.474
751	47	41	398.564	244.205
752	47	42	394.363	242.606
753	47	43	392.794	240.873
754	47	44	393.121	240.457
755	47	45	391.323	250.537
756	47	46	393.038	249.469
757	47	47	394.032	248.586
758	47	48	393.006	247.219
759	47	49	393.525	246.689
760	47	50	393.546	243.227
761	47	51	389.86	254.781
762	47	52	390.198	254.587
763	47	53	393.55	262.143
764	47	54	392.73	257.617
765	47	55	396.82	261.301
766	47	56	399.451	263.366
767	47	57	401.519	249.696
768	47	58	401.089	247.155
769	47	59	398.8	240.976
770	47	60	397.138	243.301
771	47	61	399.349	236.69
772	53	45	371.113	493.452
773	53	46	372.978	489.716
774	53	47	379.326	496.532
775	53	48	382.218	520.847
776	53	49	386.37	527.677
777	53	50	389.953	535.96
778	53	51	395.484	530.203
779	53	52	403.599	531.771
780	53	53	386.204	538.444
781	53	54	394.159	532.839
782	53	55	396.979	532.572
783	53	56	391.771	531.789
784	53	57	395.788	533.577
785	53	58	392.99	533.1
786	53	59	396.318	532.715
787	53	60	391.04	533.876
788	53	61	381.287	533.992
789	53	62	374.105	529.309
790	53	63	364.312	551.785
791	53	64	373.532	532.842
792	53	65	375.899	535.424
793	53	66	378.768	532.503
794	53	67	370.747	529.374
795	53	68	382.237	524.933
796	53	69	378.619	517.533
797	53	70	371.204	516.024
798	56	56	5.22	600.358
799	56	57	14.72	610.063
800	56	58	14.314	609.975
801	56	59	13.681	612.38
802	56	60	5.768	606.454
803	56	61	0	615.55
804	56	65	0	620.1
805	56	66	0	616.85
806	56	67	4.927	616.022
807	56	68	19.453	620.662
808	56	69	37.206	622.268
809	56	70	41.887	621.775
810	56	71	42.238	620.855
811	56	72	47.193	620.867
812	56	73	46.469	625.622
813	56	74	48.969	622.636
814	56	75	47.731	627.783
815	56	76	47.059	625.613
816	56	77	52.506	634.692
817	56	78	37.084	633.59
818	56	79	35.585	630.134
819	56	80	35.88	634.42
820	56	81	35.264	630.175
821	56	82	40.854	628.733
822	56	83	36.493	627.864
823	56	84	33.549	622.477
824	56	85	37.922	628.263
825	56	86	40.282	630.58
826	56	87	44.802	632.887
827	56	88	43.295	634.393
828	56	89	49.524	633.191
829	56	90	53.36	629.466
830	56	91	54.7	628.035
831	56	92	47.423	627.009
832	56	93	46.208	627.896
833	56	94	46.537	628.451
834	56	95	44.427	620.657
835	56	96	49.099	615.959
836	59	62	94.221	130.12
837	59	63	93.318	118.397
838	59	64	96.706	121.704
839	59	65	93.729	119.446
840	59	66	91.04	120.2
841	59	67	100.471	126.124
842	59	68	104.021	134.595
843	59	69	93.738	144.044
844	59	70	95.583	134.765
845	59	71	97.377	145.727
846	59	72	99.637	140.153
847	59	73	104.022	148.325
848	59	74	110.235	156.579
849	59	75	105.946	152.706
850	59	76	101.836	145.875
851	59	77	100.809	136.096
852	59	78	95.803	139.235
853	59	79	91.252	151.288
854	59	80	89.842	148.412
855	59	81	82.868	152.045
856	59	82	88.515	146.771
857	59	83	89.486	137.543
858	59	84	90.299	141.728
859	59	85	90.189	144.433
860	59	86	81.188	149.412
861	59	87	90.011	151.148
862	59	88	87.812	158.018
863	59	89	86.584	155.007
864	59	90	84.084	153.826
865	59	91	91.169	154.731
866	59	92	90.304	153.618
867	59	93	85.577	153.728
868	59	94	94.393	157.092
869	59	95	87.4	152.771
870	59	96	85.043	157.693
