1	0.12	7.2	0.229		1	0.12	7.2	0.605		1	0.29	17.4	0.039		1	0.66	39.6	0.243		1	0.3	18	0.378		1	0.69	41.4	0.076		1	0.5	30	0.284		1	0.55	33	0.179
2	0.43	25.8	0.401		2	0.18	10.8	0.149		2	0.48	28.8	0.082		2	0.78	46.8	0.266		2	0.44	26.4	0.118		2	0.44	26.4	0.03		2	0.33	19.8	0.55		2	0.44	26.4	0.22
3	0.08	4.8	0.11		3	0.29	17.4	0.423		3	0.74	44.4	0.092		3	0.66	39.6	0.12		3	0.26	15.6	0.142		3	0.69	41.4	0.038		3	0.34	20.4	0.05		3	0.38	22.8	0.235
4	0.16	9.6	0.364		4	0.21	12.6	0.232		4	0.53	31.8	0.029		4	0.98	58.8	0.168		4	0.61	36.6	0.234		4	0.26	15.6	0.153		4	0.32	19.2	0.18		4	0.49	29.4	0.164
5	0.24	14.4	0.51		5	0.28	16.8	0.378		5	0.5	30	0.174		5	0.59	35.4	0.085		5	0.09	5.4	0.169		5	0.47	28.2	0.21		5	0.18	10.8	0.25		5	0.23	13.8	0.23
6	0.19	11.4	0.683		6	0.18	10.8	0.18		6	0.23	13.8	0.41		6	0.31	18.6	0.118		6	0.4	24	0.152		1	0.38	22.8	0.097		6	0.5	30	0.182		6	0.42	25.2	0.344
7	0.51	30.6	0.607		7	0.38	22.8	0.225		7	0.4	24	0.351		7	0.44	26.4	0.338		7	0.29	17.4	0.627		2	0.58	34.8	0.088		7	0.4	24	0.118		7	0.4	24	0.067
8	0.24	14.4	0.143		8	0.23	13.8	0.554		8	0.38	22.8	0.228		8	0.89	53.4	0.237		8	0.17	10.2	0.15		3	0.36	21.6	0.151		8	0.48	28.8	0.049		8	0.52	31.2	0.089
9	0.2	12	0.353		9	0.13	7.8	0.39		9	0.29	17.4	0.105		9	0.54	32.4	0.145		9	0.49	29.4	0.241		4	0.7	42	0.309		9	0.35	21	0.113		9	0.2	12	0.093
10	0.17	10.2	0.351		1	0.09	5.4	0.191		10	0.53	31.8	0.131		10	0.21	12.6	0.212		10	0.39	23.4	0.311		5	0.69	41.4	0.277		10	0.35	21	0.264		10	0.38	22.8	0.123
11	0.18	10.8	0.223		2	0.26	15.6	0.617		11	0.74	44.4	0.46		11	0.6	36	0.052		11	0.21	12.6	0.131		6	0.86	51.6	0.346		11	0.79	47.4	0.14		11	0.29	17.4	0.14
12	0.32	19.2	0.275		3	0.3	18	0.277		12	0.42	25.2	0.287		12	0.36	21.6	0.135		12	0.27	16.2	0.287		7	0.75	45	0.291		12	0.58	34.8	0.457		12	0.43	25.8	0.231
13	0.48	28.8	0.585		4	0.31	18.6	0.407		13	0.49	29.4	0.133		13	0.61	36.6	0.191		13	0.36	21.6	0.391		8	0.3	18	0.433		13	0.31	18.6	0.212		13	0.41	24.6	0.069
14	0.25	15	0.276		5	0.29	17.4	0.178		14	0.67	40.2	0.181		14	0.68	40.8	0.056		14	0.36	21.6	0.409		9	0.81	48.6	0.165		14	0.22	13.2	0.236		14	0.4	24	0.127
15	0.25	15	0.274		6	0.19	11.4	0.365		15	0.83	49.8	0.157		15	0.61	36.6	0.224		15	0.15	9	0.219		10	1.01	60.6	0.332		15	0.43	25.8	0.08		15	0.55	33	0.181
16	0.21	12.6	0.051		7	0.48	28.8	0.091		16	0.44	26.4	0.233		16	0.68	40.8	0.078		16	0.17	10.2	0.374		11	0.46	27.6	0.209		16	0.11	6.6	0.25		16	0.53	31.8	0.128
17	0.2	12	0.365		8	0.5	30	0.508		17	0.16	9.6	0.419		17	0.6	36	0.312		1	0.35	21	0.195		12	0.18	10.8	0.28		17	0.2	12	0.226		17	0.35	21	0.135
18	0.43	25.8	0.602		9	0.67	40.2	0.592		18	0.35	21	0.304		18	0.64	38.4	0.204		2	0.21	12.6	0.191		13	0.21	12.6	0.22		18	0.32	19.2	0.349		18	0.6	36	0.528
19	0.25	15	0.4		10	0.19	11.4	0.594		19	0.8	48	0.167		19	0.76	45.6	0.416		3	0.3	18	0.173		14	0.63	37.8	0.229		19	0.23	13.8	0.574		19	0.29	17.4	0.137
20	0.37	22.2	0.496		11	0.42	25.2	0.418		20	0.46	27.6	0.139		1	0.4	24	0.373		4	0.63	37.8	0.386		15	0.55	33	0.266		20	0.32	19.2	0.332		20	0.53	31.8	0.163
21	0.34	20.4	0.538		12	0.35	21	0.839		21	0.45	27	0.211		2	0.76	45.6	0.065		5	0.43	25.8	0.132		1	0.66	39.6	0.363		21	0.12	7.2	0.327		21	0.58	34.8	0.224
22	0.23	13.8	0.35		1	0.48	28.8	0.82		22	0.54	32.4	0.227		3	0.69	41.4	0.363		6	0.15	9	0.146		2	0.15	9	0.136		22	0.22	13.2	0.226		1	0.23	13.8	0.512
23	0.66	39.6	0.636		2	0.28	16.8	0.348		23	0.55	33	0.16		4	0.52	31.2	0.277		7	0.33	19.8	0.257		3	0.35	21	0.091		1	0.31	18.6	0.126		2	0.28	16.8	0.162
1	0.1	6	0.144		3	0.17	10.2	0.399		24	0.81	48.6	0.186		5	0.75	45	0.122		8	0.67	40.2	0.249		4	0.22	13.2	0.269		2	0.58	34.8	0.038		3	0.23	13.8	0.096
2	0.19	11.4	0.321		4	0.38	22.8	0.082		25	0.56	33.6	0.177		6	0.78	46.8	0.122		9	0.29	17.4	0.23		5	0.73	43.8	0.207		3	0.73	43.8	0.062		4	0.47	28.2	0.086
3	0.17	10.2	0.231		5	0.27	16.2	0.382		26	0.52	31.2	0.152		7	0.25	15	0.129		10	0.16	9.6	0.109		6	0.6	36	0.182		4	0.69	41.4	0.092		5	0.66	39.6	0.103
4	0.18	10.8	0.294		6	0.56	33.6	0.705		27	0.63	37.8	0.354		8	0.56	33.6	0.279		11	0.49	29.4	0.391		7	0.5	30	0.07		5	0.59	35.4	0.13		6	0.16	9.6	0.351
5	0.17	10.2	0.27		7	0.23	13.8	0.397		1	0.92	55.2	0.123		9	0.4	24	0.162		12	0.58	34.8	0.27		8	0.45	27	0.045		6	0.99	59.4	0.184		7	0.42	25.2	0.395
6	0.17	10.2	0.34		8	0.2	12	0.292		2	0.59	35.4	0.16		10	0.49	29.4	0.15		13	0.46	27.6	0.126		9	0.16	9.6	0.182		7	0.28	16.8	0.282		8	0.72	43.2	0.227
7	0.17	10.2	0.465		9	0.26	15.6	0.228		3	0.39	23.4	0.092		11	0.52	31.2	0.383		14	0.25	15	0.336		10	0.35	21	0.144		8	0.67	40.2	0.255		9	0.76	45.6	0.114
8	0.22	13.2	0.295		10	0.58	34.8	0.152		4	0.22	13.2	0.2		12	0.41	24.6	0.161		15	0.39	23.4	0.137		11	0.25	15	0.15		9	0.47	28.2	0.195		10	0.79	47.4	0.09
9	0.33	19.8	0.163		11	0.22	13.2	0.396		5	0.12	7.2	0.395		1	0.22	13.2	0.092		16	0.28	16.8	0.399		12	0.12	7.2	0.175		10	0.18	10.8	0.367		11	0.42	25.2	0.24
10	0.26	15.6	0.38		12	0.48	28.8	0.303		6	0.42	25.2	0.067		2	0.44	26.4	0.124		1	0.53	31.8	0.151		13	0.39	23.4	0.098		11	0.41	24.6	0.082		12	0.49	29.4	0.266
11	0.27	16.2	0.242		13	0.23	13.8	0.263		7	0.61	36.6	0.076		3	0.35	21	0.231		2	0.21	12.6	0.212		14	0.07	4.2	0.471		12	0.45	27	0.061		13	0.45	27	0.357
12	0.19	11.4	0.254		14	0.34	20.4	0.186		8	0.51	30.6	0.242		4	0.65	39	0.164		3	0.21	12.6	0.441		15	0.4	24	0.201		13	0.71	42.6	0.228		14	0.33	19.8	0.159
13	0.15	9	0.109		1	0.22	13.2	0.259		9	0.62	37.2	0.067		5	0.56	33.6	0.112		4	0.35	21	0.295		16	0.38	22.8	0.207		14	0.87	52.2	0.268		15	0.84	50.4	0.153
14	0.21	12.6	0.386		2	0.53	31.8	0.245		10	0.36	21.6	0.202		6	0.23	13.8	0.084		5	0.56	33.6	0.144		17	0.07	4.2	0.535		15	0.75	45	0.135		16	0.54	32.4	0.15
15	0.18	10.8	0.215		3	0.23	13.8	0.376		11	0.58	34.8	0.309		7	0.97	58.2	0.194		6	0.27	16.2	0.325		18	0.46	27.6	0.276		16	0.41	24.6	0.108		17	0.43	25.8	0.24
16	0.19	11.4	0.202		4	0.19	11.4	0.221		12	0.21	12.6	0.093		8	0.63	37.8	0.161		7	0.45	27	0.256		19	0.34	20.4	0.465		17	0.63	37.8	0.098		18	0.56	33.6	0.599
17	0.26	15.6	0.497		5	0.17	10.2	0.14		13	0.48	28.8	0.298		9	0.51	30.6	0.139		8	0.84	50.4	0.105		1	0.53	31.8	0.166		1	0.68	40.8	0.214		19	0.45	27	0.27
18	0.11	6.6	0.177		6	0.25	15	0.629		14	0.49	29.4	0.075		10	0.61	36.6	0.17		9	0.31	18.6	0.061		2	0.48	28.8	0.18		2	0.34	20.4	0.05		20	0.54	32.4	0.315
19	0.21	12.6	0.506		7	0.16	9.6	0.398		15	0.65	39	0.3		11	0.22	13.2	0.117		10	0.21	12.6	0.067		3	0.52	31.2	0.071		3	0.33	19.8	0.439		1	0.37	22.2	0.053
20	0.17	10.2	0.278		1	0.32	19.2	0.51		16	0.54	32.4	0.204		12	0.8	48	0.243		11	0.49	29.4	0.253		4	0.27	16.2	0.249		4	0.9	54	0.102		2	0.42	25.2	0.323
21	0.16	9.6	0.101		2	0.36	21.6	0.302		17	0.45	27	0.253		13	0.54	32.4	0.203		12	0.12	7.2	0.282		5	0.43	25.8	0.042		5	0.46	27.6	0.23		3	0.26	15.6	0.056
22	0.12	7.2	0.129		3	0.19	11.4	0.644		18	0.48	28.8	0.138		14	0.63	37.8	0.307		13	0.45	27	0.166		6	0.48	28.8	0.094		6	0.35	21	0.084		4	0.43	25.8	0.064
23	0.33	19.8	0.129		4	0.22	13.2	0.312		19	0.5	30	0.254		15	0.37	22.2	0.115		14	0.2	12	0.23		7	0.52	31.2	0.163		7	0.33	19.8	0.171		5	0.19	11.4	0.077
24	0.27	16.2	0.493		5	0.23	13.8	0.415		20	0.58	34.8	0.178		1	0.83	49.8	0.064		15	0.35	21	0.269		8	0.51	30.6	0.041		8	0.36	21.6	0.126		6	0.45	27	0.132
25	0.22	13.2	0.096		6	0.27	16.2	0.547		21	0.45	27	0.038		2	0.73	43.8	0.023		16	0.32	19.2	0.133		9	0.33	19.8	0.45		9	0.74	44.4	0.181		7	0.37	22.2	0.067
26	0.21	12.6	0.25		7	0.2	12	0.499		22	0.45	27	0.206		3	0.59	35.4	0.26		17	0.31	18.6	0.246		10	0.17	10.2	0.299		1	0.86	51.6	0.208		8	0.39	23.4	0.343
27	0.4	24	0.124		8	0.56	33.6	0.257		23	0.3	18	0.206		4	0.66	39.6	0.291		18	0.49	29.4	0.421		11	0.57	34.2	0.17		2	0.53	31.8	0.063		9	0.7	42	0.269
28	0.14	8.4	0.121		9	0.41	24.6	0.502		24	0.69	41.4	0.298		5	0.39	23.4	0.184		19	0.18	10.8	0.214		12	0.37	22.2	0.096		3	0.62	37.2	0.297		10	0.31	18.6	0.287
29	0.31	18.6	0.695		10	0.28	16.8	0.177		25	0.54	32.4	0.219		6	0.7	42	0.213		20	0.5	30	0.165		13	0.38	22.8	0.176		4	0.61	36.6	0.136		11	0.66	39.6	0.194
30	0.15	9	0.158		11	0.6	36	0.155		26	0.48	28.8	0.535		7	0.69	41.4	0.16		21	0.39	23.4	0.329		14	0.63	37.8	0.158		5	0.38	22.8	0.138		12	0.3	18	0.182
31	0.2	12	0.149		12	0.33	19.8	0.311		27	0.47	28.2	0.225		8	0.7	42	0.177		22	0.41	24.6	0.379		1	0.08	4.8	0.274		6	1.02	61.2	0.067		13	0.51	30.6	0.209
32	0.37	22.2	0.132		13	0.5	30	0.165		28	0.46	27.6	0.139		9	0.72	43.2	0.261		23	0.49	29.4	0.199		2	0.2	12	0.445		7	0.49	29.4	0.341		14	0.64	38.4	0.167
33	0.33	19.8	0.215		14	0.35	21	0.229		29	0.21	12.6	0.169		10	0.63	37.8	0.179		24	0.34	20.4	0.174		3	0.38	22.8	0.36		8	0.59	35.4	0.109		15	0.7	42	0.058
34	0.24	14.4	0.233		1	0.41	24.6	0.23		30	0.42	25.2	0.263		11	0.62	37.2	0.077		25	0.28	16.8	0.087		4	0.49	29.4	0.25		9	0.45	27	0.305		16	0.75	45	0.096
35	0.33	19.8	0.128		2	0.73	43.8	0.032		31	0.39	23.4	0.156		12	0.37	22.2	0.143		26	0.27	16.2	0.076		5	0.35	21	0.128		10	0.19	11.4	0.477		17	0.75	45	0.231
1	0.09	5.4	0.443		3	0.19	11.4	0.353		32	0.33	19.8	0.192		13	0.41	24.6	0.198		27	0.32	19.2	0.163		6	0.3	18	0.153		11	0.3	18	0.178		18	0.53	31.8	0.264
2	0.27	16.2	0.343		4	0.4	24	0.516		33	0.58	34.8	0.172		14	0.7	42	0.228		28	0.59	35.4	0.196		7	0.11	6.6	0.136		12	0.38	22.8	0.126		19	0.64	38.4	0.099
3	0.18	10.8	0.274		5	0.5	30	0.367		34	0.36	21.6	0.216		15	0.64	38.4	0.264		29	0.28	16.8	0.23		8	0.59	35.4	0.045		13	0.73	43.8	0.126		20	0.78	46.8	0.125
4	0.36	21.6	0.236		6	0.65	39	0.16		35	0.44	26.4	0.532		16	0.4	24	0.248		1	0.49	29.4	0.161		9	0.47	28.2	0.514		14	0.56	33.6	0.15		21	0.64	38.4	0.064
5	0.1	6	0.456		7	0.55	33	0.269		36	0.55	33	0.07		17	0.72	43.2	0.234		2	0.22	13.2	0.073		10	0.23	13.8	0.362		15	0.56	33.6	0.207		22	0.59	35.4	0.138
6	0.24	14.4	0.299		8	0.31	18.6	0.237		37	0.41	24.6	0.238		18	0.5	30	0.098		3	0.12	7.2	0.269		11	0.11	6.6	0.195		16	0.76	45.6	0.148		23	0.46	27.6	0.262
7	0.36	21.6	0.926		9	0.38	22.8	0.277		38	0.4	24	0.359		19	0.68	40.8	0.33		4	0.6	36	0.076		12	0.3	18	0.199		17	0.82	49.2	0.095		24	0.47	28.2	0.094
8	0.41	24.6	0.409		10	0.25	15	0.302		39	0.26	15.6	0.273		1	0.56	33.6	0.074		5	0.16	9.6	0.147		13	0.54	32.4	0.151		18	0.32	19.2	0.107		25	0.6	36	0.295
9	0.16	9.6	0.244		11	0.37	22.2	0.252		40	0.27	16.2	0.413		2	0.66	39.6	0.174		6	0.54	32.4	0.102		14	0.35	21	0.112		19	0.66	39.6	0.235		26	0.34	20.4	0.17
10	0.19	11.4	0.399		1	0.23	13.8	0.119		1	0.76	45.6	0.189		3	0.37	22.2	0.072		7	0.38	22.8	0.145		15	0.26	15.6	0.203		20	0.57	34.2	0.269		27	0.54	32.4	0.205
11	0.6	36	0.166		2	0.19	11.4	0.427		2	0.3	18	0.054		4	0.33	19.8	0.149		8	0.44	26.4	0.069		16	1.02	61.2	0.316		21	0.47	28.2	0.294		28	0.48	28.8	0.408
12	0.19	11.4	0.161		3	0.3	18	0.135		3	0.4	24	0.028		5	0.41	24.6	0.209		9	0.39	23.4	0.126		17	0.15	9	0.436		1	0.63	37.8	0.098		29	0.66	39.6	0.309
13	0.43	25.8	0.203		4	0.38	22.8	0.247		4	0.33	19.8	0.094		6	0.32	19.2	0.201		10	0.25	15	0.163		18	0.43	25.8	0.377		2	0.26	15.6	0.324		30	0.58	34.8	0.236
14	0.29	17.4	0.107		5	0.37	22.2	0.279		5	0.2	12	0.201		7	0.76	45.6	0.165		11	0.66	39.6	0.222		19	0.2	12	0.639		3	0.51	30.6	0.056		31	0.49	29.4	0.255
15	0.39	23.4	0.437		6	0.58	34.8	0.454		6	0.35	21	0.062		1	0.49	29.4	0.218		12	0.44	26.4	0.129		20	0.1	6	0.207		4	0.76	45.6	0.096		32	0.35	21	0.273
16	0.14	8.4	0.211		7	0.21	12.6	0.299		7	0.57	34.2	0.029		2	0.48	28.8	0.11		13	0.37	22.2	0.131		21	0.14	8.4	0.25		5	0.36	21.6	0.081		33	0.47	28.2	0.132
17	0.26	15.6	0.216		8	0.25	15	0.319		8	0.42	25.2	0.138		3	0.74	44.4	0.09		14	0.22	13.2	0.179		22	0.45	27	0.079		6	0.36	21.6	0.337		34	0.65	39	0.234
1	0.17	10.2	0.204		9	0.23	13.8	0.185		9	0.41	24.6	0.157		4	0.54	32.4	0.232		15	0.38	22.8	0.127		23	0.42	25.2	0.136		7	0.72	43.2	0.213		35	0.5	30	0.278
2	0.12	7.2	0.132		10	0.27	16.2	0.132		10	0.32	19.2	0.357		5	0.56	33.6	0.04		16	0.3	18	0.134		24	0.3	18	0.154		8	0.58	34.8	0.071		1	0.72	43.2	0.203
3	0.28	16.8	0.33		11	0.15	9	0.23		11	0.54	32.4	0.183		6	0.51	30.6	0.079		17	0.18	10.8	0.256		25	0.44	26.4	0.221		9	0.43	25.8	0.198		2	0.24	14.4	0.072
4	0.21	12.6	0.191		12	0.51	30.6	0.57		12	0.75	45	0.088		7	0.63	37.8	0.211		18	0.66	39.6	0.187		26	0.42	25.2	0.213		10	0.4	24	0.14		3	0.56	33.6	0.067
5	0.19	11.4	0.28							13	0.57	34.2	0.138		8	0.52	31.2	0.173		19	0.7	42	0.171		1	0.43	25.8	0.171		11	0.82	49.2	0.13		4	0.11	6.6	0.137
6	0.23	13.8	0.173							14	0.32	19.2	0.214		9	0.57	34.2	0.23		20	0.38	22.8	0.179		2	0.42	25.2	0.133		12	0.34	20.4	0.265		5	0.38	22.8	0.232
7	0.15	9	0.231							15	0.93	55.8	0.145		10	0.4	24	0.281		1	0.62	37.2	0.248		3	0.27	16.2	0.183		13	0.53	31.8	0.206		6	0.4	24	0.167
8	0.11	6.6	0.245							16	0.43	25.8	0.316		11	0.42	25.2	0.147		2	0.35	21	0.199		4	0.21	12.6	0.128		14	0.13	7.8	0.173		7	0.45	27	0.417
9	0.2	12	0.396							17	0.32	19.2	0.351		12	0.71	42.6	0.212		3	0.72	43.2	0.096		5	0.81	48.6	0.135		15	0.34	20.4	0.25		8	0.24	14.4	0.117
10	0.24	14.4	0.137							18	0.33	19.8	0.426		13	0.63	37.8	0.149		4	0.27	16.2	0.447		6	0.59	35.4	0.052		16	0.44	26.4	0.3		9	0.47	28.2	0.083
11	0.15	9	0.26							19	0.31	18.6	0.296		14	0.6	36	0.065		5	0.34	20.4	0.158		7	0.24	14.4	0.203		17	0.42	25.2	0.232		10	0.57	34.2	0.378
1	0.22	13.2	0.388							20	0.69	41.4	0.498		15	0.69	41.4	0.172		6	0.24	14.4	0.198		8	0.97	58.2	0.174		18	0.32	19.2	0.584		11	0.26	15.6	0.231
2	0.15	9	0.088							1	0.44	26.4	0.128		16	0.41	24.6	0.098		7	0.56	33.6	0.081		9	0.18	10.8	0.161		19	0.4	24	0.119		12	0.49	29.4	0.428
3	0.28	16.8	0.284							2	0.45	27	0.273		17	0.84	50.4	0.201		8	0.28	16.8	0.166		10	0.53	31.8	0.29		20	0.32	19.2	0.457		13	0.53	31.8	0.27
4	0.2	12	0.229							3	0.23	13.8	0.277		18	0.64	38.4	0.124		9	0.31	18.6	0.178		11	0.46	27.6	0.162		1	0.38	22.8	0.128		14	0.55	33	0.258
5	0.21	12.6	0.465							4	0.42	25.2	0.179		19	0.86	51.6	0.404		10	0.34	20.4	0.14		12	0.34	20.4	0.408		2	0.46	27.6	0.099		15	0.24	14.4	0.193
6	0.12	7.2	0.34							5	0.58	34.8	0.227		20	0.55	33	0.188		11	0.17	10.2	0.261		13	0.38	22.8	0.382		3	0.11	6.6	0.189		16	0.64	38.4	0.188
7	0.21	12.6	0.251							6	0.61	36.6	0.236		21	0.36	21.6	0.139		12	0.57	34.2	0.139		14	0.84	50.4	0.143		4	0.25	15	0.051		1	0.47	28.2	0.108
1	0.24	14.4	0.209							7	0.43	25.8	0.258		1	0.75	45	0.12		13	0.46	27.6	0.162		15	0.3	18	0.356		5	0.06	3.6	0.279		2	0.39	23.4	0.079
2	0.27	16.2	0.487							8	0.21	12.6	0.128		2	0.42	25.2	0.326		14	0.56	33.6	0.197		16	0.39	23.4	0.212		6	0.38	22.8	0.091		3	0.51	30.6	0.355
3	0.12	7.2	0.175							9	0.32	19.2	0.225		3	0.19	11.4	0.093		15	0.11	6.6	0.661		17	0.41	24.6	0.126		7	0.5	30	0.189		4	0.33	19.8	0.134
4	0.15	9	0.456							1	0.18	10.8	0.241		4	0.91	54.6	0.042		16	0.52	31.2	0.284		18	0.24	14.4	0.257		8	0.24	14.4	0.101		5	0.28	16.8	0.126
5	0.31	18.6	0.381							2	0.85	51	0.485		5	0.6	36	0.231		1	0.37	22.2	0.06		19	0.84	50.4	0.183		9	0.22	13.2	0.076		6	0.52	31.2	0.283
6	0.28	16.8	0.544							3	0.39	23.4	0.131		6	0.73	43.8	0.446		2	0.18	10.8	0.146		20	0.26	15.6	0.33		10	0.18	10.8	0.072		7	0.46	27.6	0.217
7	0.19	11.4	0.405							4	0.46	27.6	0.027		7	0.76	45.6	0.208		3	0.74	44.4	0.337		21	0.42	25.2	0.329		11	0.17	10.2	0.269		8	0.52	31.2	0.17
8	0.3	18	0.087							5	0.49	29.4	0.243		8	0.64	38.4	0.149		4	0.75	45	0.145		22	0.46	27.6	0.44		12	0.74	44.4	0.384		9	0.2	12	0.122
9	0.32	19.2	0.436							6	0.59	35.4	0.225		9	0.45	27	0.225		5	0.31	18.6	0.075		23	0.24	14.4	0.206		13	0.39	23.4	0.296		10	0.54	32.4	0.286
10	0.19	11.4	0.335							7	0.47	28.2	0.424		10	0.84	50.4	0.073		6	0.16	9.6	0.146		1	0.42	25.2	0.042		14	0.54	32.4	0.324		11	0.26	15.6	0.311
11	0.19	11.4	0.361							8	0.38	22.8	0.169		11	0.39	23.4	0.275		7	0.34	20.4	0.353		2	0.31	18.6	0.175		15	0.73	43.8	0.159		12	0.28	16.8	0.111
12	0.23	13.8	0.117							9	0.5	30	0.111		12	0.56	33.6	0.07		8	0.29	17.4	0.183		3	0.38	22.8	0.35		1	0.44	26.4	0.057		13	0.26	15.6	0.338
13	0.25	15	0.268							10	0.46	27.6	0.174		13	0.65	39	0.101		9	0.43	25.8	0.128		4	0.43	25.8	0.12		2	0.35	21	0.108		14	0.46	27.6	0.241
14	0.16	9.6	0.137							11	0.39	23.4	0.151		14	0.18	10.8	0.117		10	0.39	23.4	0.173		5	0.12	7.2	0.148		3	0.28	16.8	0.152		1	0.34	20.4	0.289
15	0.17	10.2	0.341							12	0.45	27	0.027		15	0.42	25.2	0.155		11	0.33	19.8	0.085		6	0.51	30.6	0.251		4	0.38	22.8	0.131		2	0.35	21	0.107
16	0.22	13.2	0.243							13	0.61	36.6	0.368		16	0.24	14.4	0.252		12	0.56	33.6	0.134		7	0.38	22.8	0.282		5	0.59	35.4	0.105		3	0.19	11.4	0.456
17	0.15	9	0.348							14	0.31	18.6	0.168		17	0.56	33.6	0.475		13	0.81	48.6	0.145		8	0.12	7.2	0.246		6	0.5	30	0.088		4	0.56	33.6	0.085
18	0.22	13.2	0.22							15	0.26	15.6	0.058		18	0.73	43.8	0.394		14	0.31	18.6	0.377		9	0.08	4.8	0.131		7	0.69	41.4	0.233		5	0.46	27.6	0.051
1	0.16	9.6	0.083							16	0.71	42.6	0.177		19	0.17	10.2	0.222		15	0.62	37.2	0.031		10	0.11	6.6	0.236		8	0.55	33	0.191		6	0.53	31.8	0.369
2	0.11	6.6	0.362							17	0.56	33.6	0.142		20	0.66	39.6	0.138		16	0.47	28.2	0.047		11	0.25	15	0.273		9	0.3	18	0.159		7	0.22	13.2	0.203
3	0.58	34.8	0.08							18	0.47	28.2	0.074		21	0.41	24.6	0.299		17	0.22	13.2	0.326		12	0.55	33	0.185		10	0.54	32.4	0.28		8	0.6	36	0.235
4	0.18	10.8	0.253							19	0.45	27	0.28		22	0.59	35.4	0.167		18	0.23	13.8	0.177		13	0.14	8.4	0.211		11	0.14	8.4	0.155		9	0.4	24	0.157
5	0.13	7.8	0.27							20	0.18	10.8	0.342							19	0.46	27.6	0.12		14	0.33	19.8	0.274		12	0.58	34.8	0.305		1	0.46	27.6	0.3
6	0.14	8.4	0.285							21	0.36	21.6	0.507							20	0.31	18.6	0.28		15	0.44	26.4	0.032		13	0.34	20.4	0.309		2	0.24	14.4	0.203
7	0.24	14.4	0.05							22	0.31	18.6	0.058							21	0.44	26.4	0.292		16	0.31	18.6	0.169		14	0.36	21.6	0.206					
8	0.12	7.2	0.204							23	0.23	13.8	0.318							1	0.22	13.2	0.264		17	0.75	45	0.2		15	0.33	19.8	0.316					
9	0.23	13.8	0.254							24	0.51	30.6	0.233							2	0.28	16.8	0.192		18	0.58	34.8	0.143										
10	0.28	16.8	0.58							25	0.64	38.4	0.1							3	0.3	18	0.215		19	0.37	22.2	0.147										
11	0.33	19.8	0.152							26	0.68	40.8	0.143							4	0.54	32.4	0.274		20	0.49	29.4	0.155										
12	0.2	12	0.204							27	0.29	17.4	0.147							5	0.31	18.6	0.232		21	0.34	20.4	0.072										
13	0.4	24	0.708							28	0.38	22.8	0.425							6	0.33	19.8	0.231		22	0.58	34.8	0.136										
14	0.24	14.4	0.227							29	0.34	20.4	0.396												23	0.52	31.2	0.299										
15	0.25	15	0.146							30	0.48	28.8	0.481												24	0.45	27	0.228										
16	0.19	11.4	0.669							31	0.73	43.8	0.186												25	0.35	21	0.255										
17	0.19	11.4	0.234							32	0.26	15.6	0.193												26	0.69	41.4	0.157										
18	0.19	11.4	0.2							33	0.4	24	0.142												27	0.46	27.6	0.324										
19	0.17	10.2	0.315							34	0.35	21	0.433												28	0.29	17.4	0.226										
										35	0.52	31.2	0.634												29	0.53	31.8	0.219										
										36	0.91	54.6	0.209												30	0.4	24	0.406										
										37	0.39	23.4	0.251												31	0.31	18.6	0.181										
										1	0.21	12.6	0.164												32	0.39	23.4	0.224										
										2	0.33	19.8	0.257												33	0.32	19.2	0.265										
										3	0.8	48	0.216												34	0.45	27	0.329										
										4	0.57	34.2	0.367												35	0.35	21	0.261										
										5	0.3	18	0.05												36	0.19	11.4	0.457										
										6	0.34	20.4	0.143												37	0.4	24	0.385										
										7	0.19	11.4	0.267												38	0.71	42.6	0.253										
										8	0.84	50.4	0.178												39	0.65	39	0.17										
										9	0.42	25.2	0.228												40	0.82	49.2	0.18										
										10	0.7	42	0.133												41	0.48	28.8	0.108										
										11	0.54	32.4	0.128												42	0.39	23.4	0.235										
										12	0.23	13.8	0.246												43	0.68	40.8	0.149										
										13	0.44	26.4	0.205																									
										14	0.2	12	0.372																									
										15	0.35	21	0.218																									
										16	0.55	33	0.139																									
										17	0.22	13.2	0.34																									
										18	0.75	45	0.252																									
										19	0.32	19.2	0.245																									
										20	0.45	27	0.726																									
										21	0.38	22.8	0.313																									
										22	0.67	40.2	0.418																									
										1	0.23	13.8	0.351																									
										2	0.43	25.8	0.173																									
										3	0.5	30	0.142																									
										4	0.53	31.8	0.088																									
										5	0.34	20.4	0.135																									
										6	0.59	35.4	0.142																									
										7	0.66	39.6	0.278																									
										8	0.29	17.4	0.211																									
										9	0.37	22.2	0.2																									
										10	0.71	42.6	0.199																									
										11	0.68	40.8	0.224																									
										12	0.26	15.6	0.197																									
										13	0.34	20.4	0.183																									
										14	0.92	55.2	0.119																									
