	TRACK_ID	FRAME	POSITION_X	POSITION_Y
1	1	0	550.05	42.966
2	1	1	542.752	53.712
3	1	2	540.466	58.973
4	1	3	538.373	63.289
5	1	4	536.39	63.896
6	1	6	538.723	79.136
7	1	7	539.339	78.812
8	1	8	540.359	79.089
9	1	9	540.643	79.399
10	1	10	542.862	78.569
11	1	11	542.137	79.353
12	1	12	541.471	82.507
13	1	13	542.246	82.46
14	1	14	543.141	84.58
15	1	15	545.609	87.874
16	1	16	545.103	87.022
17	1	17	544.827	87.067
18	1	18	543.751	89.219
19	1	19	543.176	86.065
20	1	20	543.313	88.426
21	1	21	539.539	89.97
22	1	22	536.489	89.529
23	1	23	531.224	94.797
24	1	24	528.753	98.318
25	1	25	526.761	99.712
26	1	26	524.63	102.76
27	1	27	524.651	103.246
28	1	28	523.098	104.574
29	1	29	520.545	104.346
30	1	30	521.838	102.691
31	1	31	521.677	104.619
32	4	0	336.481	211.734
33	4	1	351.537	215.032
34	4	2	360.187	216.229
35	4	3	355.879	218.709
36	4	4	340.994	217.702
37	4	5	329.469	217.834
38	4	6	329.166	218.029
39	4	7	338.65	217.164
40	4	8	346.665	220.355
41	4	9	331.156	219.422
42	4	10	324.307	218.741
43	4	11	340.157	220.32
44	4	12	354.779	222.236
45	4	13	344.935	223.245
46	4	14	326.755	222.372
47	4	15	329.642	222.725
48	4	16	349.532	226.251
49	4	17	357.201	226.74
50	4	18	353.03	226.312
51	4	22	356.258	224.801
52	4	23	347.685	225.394
53	4	24	324.435	221.539
54	4	25	316.884	222.717
55	4	26	316.453	226.363
56	4	27	316.974	228.238
57	4	28	323.66	228.386
58	4	29	330.595	226.992
59	4	30	312.903	232.207
60	4	31	301.306	238.664
61	4	32	305.512	236.999
62	4	33	319.252	231.976
63	4	34	311.793	236.333
64	4	35	303.516	240.834
65	4	36	296.916	247.73
66	4	37	299.431	243.842
67	4	38	303.989	239.444
68	4	39	295.169	249.813
69	4	40	281.477	260.44
70	4	41	273.269	264.805
71	4	42	270.058	266.322
72	4	43	287.393	259.394
73	4	44	294.204	254.437
74	4	45	288.016	260.544
75	4	46	267.888	271.237
76	4	47	263.956	271.996
77	4	48	269.698	272.776
78	4	49	284.866	264.808
79	4	50	294.475	258.301
80	4	51	290.589	260.16
81	9	0	85.062	314.9
82	9	1	88.384	317.383
83	9	2	90.675	317.399
84	9	3	93.927	317.901
85	9	4	92.013	317.535
86	9	5	90.827	318.797
87	9	6	84.349	320.902
88	9	7	75.141	323.487
89	9	8	68.557	326.532
90	9	9	60.593	329.469
91	9	13	57.802	326.071
92	9	14	57.649	327.434
93	9	15	61.501	325.848
94	9	16	63.538	324.149
95	9	17	72.163	318.694
96	9	18	76.198	316.305
97	9	19	80.689	310.265
98	9	20	85.926	307.47
99	9	21	86.38	308.982
100	9	22	84.81	310.164
101	9	23	83.915	313.114
102	9	24	81.244	316.573
103	9	25	78.443	319.019
104	9	26	76.259	320.11
105	9	27	68.642	321.769
106	9	28	63.36	321.792
107	9	29	64.716	321.104
108	9	30	65.427	319.986
109	9	31	68.407	320.351
110	9	32	67.644	319.93
111	9	33	69.375	319.906
112	9	34	67.453	320.633
113	9	35	68.565	319.78
114	9	36	67.667	320.395
115	9	37	70.596	319.899
116	9	38	70.134	318.282
117	9	39	64.551	321.284
118	9	40	62.493	325.341
119	9	41	56.216	325.593
120	9	42	60.429	321.313
121	9	43	60.212	322.356
122	9	44	58.694	323.063
123	9	45	55.881	323.272
124	9	46	51.881	323.839
125	9	47	48.932	324.888
126	9	48	53.417	324.653
127	9	49	71.717	320.173
128	9	50	83.692	318.621
129	9	51	83.938	322.916
130	9	52	79.275	319.382
131	9	53	78.993	320.226
132	9	54	77.561	319.612
133	9	55	75.78	317.99
134	9	56	79.059	319.652
135	9	57	73.313	319.216
136	9	58	77.224	322.002
137	9	59	79.661	322.08
138	9	60	84.406	322.84
139	9	61	86.764	323.043
140	9	62	87.858	321.97
141	9	63	84.246	320.294
142	9	64	82.88	320.308
143	9	65	86.431	320.365
144	9	66	81.041	320.431
145	9	67	78.781	320.366
146	9	68	78.876	319.931
147	9	69	75.45	319.874
148	9	70	84.058	321.193
149	9	71	79.083	319.832
150	9	72	81.551	319.281
151	9	73	86.245	322.715
152	9	74	93.202	322.283
153	9	75	98.222	321.562
154	9	76	107.781	323.022
155	9	77	114.73	323.638
156	9	78	99.677	322.687
157	9	79	103.037	322.572
158	9	80	112.798	322.7
159	9	81	107.606	321.481
160	9	82	115	322.803
161	9	83	120.261	323.474
162	9	84	118.972	323.284
163	9	85	117.094	323.193
164	9	86	111.316	321.322
165	9	87	118.2	324.006
166	9	88	109.572	322.615
167	9	89	108.336	323.104
168	9	90	101.629	321.72
169	9	91	112.128	323.681
170	9	92	115.804	323.618
171	9	93	105.788	322.711
172	9	94	110.854	323.694
173	9	95	110.375	323.213
174	9	96	119.577	324.772
175	10	0	583.785	333.973
176	10	1	582.102	336.397
177	10	2	582.377	337.21
178	10	3	583.227	339.044
179	10	4	583.443	337.489
180	10	5	583.58	339.332
181	10	6	581.691	338.878
182	10	7	582.725	339.3
183	10	8	581.349	337.951
184	10	9	582.39	338.652
185	10	10	583.461	337.955
186	10	11	583.5	338.58
187	10	12	583.218	337.183
188	10	13	582.551	339.708
189	10	14	582.686	341.327
190	10	15	581.96	339.958
191	10	16	580.909	339.897
192	10	17	582.082	339.559
193	10	18	580.161	336.985
194	10	19	579.89	333.807
195	10	20	578.83	333.894
196	10	21	579.167	333.619
197	10	22	579.433	332.83
198	10	23	579.745	335.272
199	10	24	580.664	338.093
200	10	25	580.946	339.606
201	10	26	581.895	342.547
202	10	27	581.702	342.536
203	10	28	581.142	344.754
204	10	29	581.453	345.13
205	10	30	581.593	345.259
206	10	31	579.741	343.591
207	10	32	581.554	344.215
208	10	33	580.528	344.482
209	10	34	579.523	344.729
210	10	35	579.666	343.635
211	10	36	577.906	347.279
212	10	37	579.86	346.19
213	10	38	579.634	345.93
214	10	39	578.138	348.155
215	10	40	577.893	348.513
216	10	41	578.189	347.63
217	10	42	577.337	347.644
218	10	43	577.885	345.502
219	10	44	578.18	344.605
220	10	45	578.735	346.247
221	10	46	578.399	345.59
222	10	47	576.569	345.185
223	10	48	577.151	347.577
224	10	49	574.383	340.864
225	10	50	577.097	345.748
226	10	51	577.91	347.256
227	10	52	577.811	346.451
228	10	53	576.259	347.277
229	10	54	576.129	345.615
230	10	55	575.859	346.755
231	10	56	577.313	346.78
232	10	57	577.493	347.489
233	10	58	576.899	346.161
234	10	59	576.979	345.103
235	10	60	577.105	347.488
236	10	61	578.698	349.426
237	10	62	577.473	348.061
238	10	63	575.585	347.68
239	10	68	568.949	341.383
240	10	69	567.79	340.641
241	10	70	563.307	344.063
242	10	71	566.847	341.853
243	10	72	569.402	341.025
244	10	73	565.793	344.547
245	12	0	215.587	409.988
246	12	1	214.761	412.755
247	12	2	214.841	412.558
248	12	3	214.246	414.254
249	12	4	214.019	413.271
250	12	5	212.669	412.611
251	12	6	213.93	412.866
252	12	7	214.048	411.414
253	12	8	212.094	411.309
254	12	9	212.569	411.664
255	12	10	211.638	410.471
256	12	11	218.394	414.107
257	12	12	226.622	418.751
258	12	14	234.347	427.022
259	12	15	235.487	428.946
260	12	16	241.621	432.962
261	12	17	244.574	432.583
262	12	18	249.801	434.389
263	12	19	255.882	435.307
264	12	20	264.054	441.464
265	12	21	255.495	435.507
266	12	25	256.834	441.894
267	12	26	257.712	443.081
268	13	0	442.053	411.934
269	13	1	439.768	419.04
270	13	2	443.751	415.793
271	13	3	432.571	428.933
272	13	4	436.344	425.169
273	13	5	433.312	429.553
274	13	6	436.95	426.998
275	13	7	437.814	426.213
276	13	8	438.866	426.104
277	13	9	437.779	427.362
278	13	10	441.484	423.528
279	13	11	443.792	423.175
280	13	12	442.549	425.562
281	13	13	437.704	430.85
282	13	14	444.524	427.557
283	13	15	439.477	432.154
284	13	16	439.153	432.91
285	13	17	429.728	434.238
286	13	18	442.191	428.251
287	13	19	442.579	426.528
288	13	20	437.478	427.539
289	13	21	429.43	430.101
290	13	22	428.61	430.056
291	13	23	429.769	432.514
292	13	24	432.727	436.632
293	13	25	435.605	436.064
294	13	26	433.628	436.854
295	13	27	435.508	436.79
296	13	30	438.75	434.85
297	13	31	438.221	435.59
298	13	32	437.316	436.201
299	13	33	437.382	436.291
300	13	34	437.67	437.373
301	13	35	436.08	437.264
302	13	36	437.513	436.096
303	13	38	437.047	436.36
304	13	39	436.274	437.213
305	13	40	436.357	437.309
306	13	41	436.677	436.203
307	13	42	437.181	435.953
308	13	43	437.186	436.063
309	13	44	436.608	436.655
310	13	45	434.951	435.691
311	13	46	435.556	437.322
312	13	47	438.118	438.962
313	13	48	433.545	438.675
314	13	49	431.382	436.526
315	13	50	432.004	437.45
316	13	51	431.792	437.199
317	13	52	431.884	437.673
318	13	53	430.818	438.699
319	13	54	430.862	438.328
320	13	55	430.486	438.264
321	13	56	430.186	437.966
322	13	57	428.671	439.071
323	13	58	429.137	439.901
324	13	59	427.262	438.597
325	13	60	426.628	438.14
326	13	61	424.299	434.76
327	13	62	423.966	434.864
328	13	63	423.67	435.073
329	13	64	425.601	439.821
330	13	65	423.736	437.234
331	13	66	422.949	438.827
332	13	67	422.955	439.801
333	13	68	423.451	440.502
334	13	69	422.831	440.212
335	13	70	424.08	441.354
336	13	71	422.594	437.854
337	13	72	423.028	437.297
338	13	73	424.484	439.969
339	13	74	423.649	439.832
340	13	75	422.13	437.848
341	13	76	423.207	437.681
342	13	77	422.733	438.891
343	13	78	422.169	438.264
344	13	79	422.76	440.672
345	13	80	422.798	440.111
346	13	81	421.788	437.672
347	13	82	422.399	440.98
348	13	83	422.714	440.251
349	13	84	421.806	438.924
350	13	85	421.571	441.336
351	13	86	422.382	440.543
352	13	87	422.231	441.212
353	13	88	421.24	440.072
354	13	89	420.669	440.51
355	13	90	420.354	440.298
356	13	91	421.029	440.641
357	13	92	422.56	440.008
358	13	93	421.594	439.304
359	13	94	422.57	439.682
360	13	95	423.061	441.274
361	13	96	421.398	440.437
362	15	0	599.828	422.285
363	15	1	598.878	425.767
364	15	2	599.537	426.607
365	15	3	599.168	427.531
366	15	4	599.884	424.897
367	15	5	600.873	423.951
368	15	6	602.114	427.884
369	15	7	601.862	428.398
370	15	8	602.308	428.453
371	15	9	603.144	428.075
372	15	10	602.376	426.413
373	15	11	600.734	427.417
374	15	12	600.48	427.845
375	15	13	600.987	428.742
376	15	14	602.013	429.956
377	15	15	601.862	429.328
378	15	16	602.085	427.764
379	15	17	603.394	427.6
380	15	18	603.877	426.065
381	15	19	604.781	423.185
382	15	20	605.079	422.963
383	15	21	604.751	424.13
384	15	22	605.509	425.434
385	15	23	606.624	429.603
386	15	24	607.437	435.19
387	15	25	607.603	436.798
388	15	26	607.445	438.672
389	15	27	606.357	439.579
390	15	28	605.352	439.293
391	15	29	603.771	439.763
392	15	30	601.335	440.838
393	15	31	599.873	440.846
394	15	32	596.851	439.928
395	15	33	597.497	440.394
396	15	34	594.61	440.032
397	15	35	593.056	437.8
398	15	36	592.338	437.109
399	15	37	591.557	438.47
400	15	38	591.385	438.61
401	15	39	592.487	439.52
402	15	40	591.01	439.553
403	15	41	591.844	439.637
404	15	42	591.842	440.25
405	15	43	593.527	443.358
406	15	44	593.829	442.836
407	15	45	594.037	442.854
408	15	46	595.435	441.768
409	15	47	595.638	441.993
410	15	48	596.947	443.211
411	15	49	598.874	442.792
412	15	50	605.073	441.993
413	15	51	606.85	440.96
414	15	52	605.963	439.908
415	15	53	606.559	440.338
416	15	54	607.601	438.617
417	15	55	606.401	439.544
418	15	56	605.695	438.466
419	15	57	604.422	438.452
420	15	58	604.315	439.335
421	15	59	602.946	438.838
422	15	60	604.249	439.536
423	15	61	601.35	439.801
424	15	62	603.135	440.445
425	15	63	602.799	439.82
426	15	64	599.875	441.227
427	15	65	597.983	442.126
428	15	66	598.774	442.156
429	15	67	599.035	442.015
430	15	68	598.135	441.658
431	15	69	597.732	441.47
432	15	70	598.512	441.629
433	15	71	599.327	441.785
434	15	72	598.234	442.095
435	15	73	599.509	441.765
436	15	74	596.054	441.562
437	15	75	598.672	442.241
438	15	76	597.297	442.263
439	15	77	595.851	442.631
440	15	78	596.812	442.467
441	15	79	596.377	442.251
442	15	80	595.71	443.031
443	15	81	596.557	441.941
444	15	82	596.012	442.997
445	15	83	595.883	442.926
446	15	84	595.69	442.663
447	15	85	596.055	442.364
448	15	86	597.225	441.441
449	15	87	598.363	440.501
450	15	88	599.963	441.081
451	15	89	598.993	442.424
452	15	90	598.612	441.909
453	15	91	598.841	441.558
454	15	92	600.799	441.374
455	15	93	599.515	442.785
456	15	94	599.616	441.352
457	15	95	599.982	441.988
458	15	96	600.113	442.511
459	16	0	238.396	428.462
460	16	1	243.91	433.608
461	16	2	241.343	433.288
462	16	4	251.564	437.848
463	16	5	254.696	439.34
464	16	6	257.529	440.591
465	16	7	258.36	439.302
466	16	8	259.684	441.524
467	16	9	261.931	444.414
468	16	10	265.669	447.605
469	16	11	268.03	450.245
470	16	12	274.201	454.66
471	16	13	279.346	459.187
472	16	14	283.763	464.794
473	16	15	285.656	468.188
474	16	16	285.858	468.945
475	16	17	287.354	471.086
476	16	18	289.373	473.745
477	16	19	290.85	473.917
478	16	20	292.025	475.635
479	16	21	294.23	479.88
480	16	22	295.696	481.853
481	16	23	298.46	487.238
482	16	24	299.533	495.626
483	16	25	301.586	500.005
484	16	26	303.381	504.832
485	16	27	303.683	506.371
486	16	28	305.283	508.093
487	16	29	306.405	509.772
488	16	30	304.332	510.981
489	16	31	304.171	513.888
490	16	32	302.185	520.339
491	16	33	302.096	520.989
492	16	35	301.015	515.826
493	16	36	301.727	516.706
494	16	37	300.793	519.265
495	16	38	300.775	518.053
496	16	39	301.3	512.774
497	16	40	298.03	498.843
498	16	41	295.626	490.863
499	16	42	294.83	484.154
500	16	43	286.093	470.008
501	16	44	281.628	462.239
502	32	10	211.164	250.395
503	32	11	212.792	247.394
504	32	12	209.127	254.178
505	32	13	211.539	250.607
506	32	14	214.711	247.896
507	32	15	215.229	245.983
508	32	16	217.318	242.198
509	32	17	220.287	235.38
510	32	18	221.344	231.678
511	32	19	216.992	235.7
512	32	20	215.132	237.087
513	32	21	215.929	233.983
514	32	22	215.403	234.195
515	32	23	204.726	255.927
516	32	24	203.796	267.876
517	32	25	204.837	268.529
518	32	26	204.792	271.36
519	32	27	206.269	266.288
520	32	28	210.277	248.946
521	32	29	207.258	252.833
522	32	30	211.035	249.524
523	32	31	209.314	254.155
524	32	32	209.545	256.136
525	32	33	213.204	247.509
526	32	34	221.184	233.873
527	32	35	226.074	224.768
528	32	36	224.719	224.948
529	32	37	227.665	219.525
530	33	11	371.228	22.522
531	33	12	372.993	21.594
532	33	13	374.44	21.712
533	33	14	373.215	26.939
534	33	15	370.258	28.814
535	33	16	368.48	33.402
536	33	17	370.544	33.012
537	33	18	366.33	28.393
538	33	19	366.992	27.375
539	33	20	365.986	27.504
540	33	21	364.263	27.34
541	33	23	371.079	39.788
542	33	24	368.905	40.5
543	33	25	372.16	42.2
544	33	26	369.06	41.463
545	33	27	366.481	42.054
546	33	28	366.996	40.727
547	33	29	366.325	41.519
548	33	30	364.968	41.358
549	33	31	359.475	42.056
550	33	32	363.552	44.444
551	33	33	357.425	41.764
552	33	34	367.631	47.007
553	33	35	374.13	48.174
554	33	36	375.835	50.643
555	33	37	378.72	52.985
556	33	38	383.425	54.944
557	33	39	391.966	54.547
558	33	40	398.625	55.776
559	33	41	397.083	52.961
560	33	42	399.742	51.986
561	33	43	401.718	50.577
562	33	44	405.976	48.694
563	33	46	417.202	37.56
564	33	47	419.181	50.518
565	33	48	417.668	56.07
566	33	49	416.886	58.234
567	33	50	412.813	64.733
568	33	52	408.85	68.9
569	33	53	418.356	56.856
570	33	54	425.912	44.813
571	33	55	428.009	45.208
572	33	56	429.787	44.035
573	33	57	430.691	43.6
574	33	58	430.009	46.81
575	34	13	338.912	158.59
576	34	14	333.489	150.907
577	34	15	330.871	146.584
578	34	16	326.222	137.443
579	34	17	323.869	130.245
580	34	18	320.658	125.222
581	34	19	321.42	120.493
582	34	20	319.822	116.716
583	34	21	323.016	121.319
584	34	22	320.295	115.714
585	34	23	324.959	125.973
586	34	24	324.15	125.156
587	34	25	326.317	126.624
588	34	26	324.412	119.912
589	34	27	322.897	117
590	34	28	322.581	113.424
591	34	29	323.945	116.022
592	34	30	322.509	110.966
593	34	31	318.474	100.637
594	34	32	320.264	103.069
595	34	33	319.709	102.429
596	34	34	319.136	99.926
597	34	35	321.131	100.704
598	34	36	320.556	98.979
599	34	37	320.4	94.363
600	34	38	321.337	94.862
601	34	39	322.355	94.185
602	34	40	319.017	87.271
603	34	41	323.161	95.139
604	34	42	321.387	87.947
605	34	43	317.926	82.119
606	34	44	318.841	81.799
607	34	45	318.542	79.772
608	34	46	317.575	78.096
609	34	47	317.4	73.389
610	34	48	315.797	69.7
611	34	49	316.407	67.621
612	34	50	313.069	57.117
613	34	51	312.492	55.753
614	34	52	310.885	51.136
615	34	53	309.032	41.84
616	34	54	314.697	49.236
617	34	55	316.639	53.981
618	34	56	317.353	52.351
619	34	57	320.607	53.828
620	34	58	321.109	55.865
621	34	59	322.134	56.614
622	34	60	323.783	57.682
623	34	61	323.294	54.429
624	34	62	321.526	49.037
625	34	63	319.187	44.931
626	34	64	316.4	37.859
627	34	65	316.22	34.41
628	38	21	367.704	32.89
629	38	22	367.651	31.956
630	38	23	364.886	33.562
631	38	24	362.571	34.869
632	38	25	367.902	38.452
633	38	27	374.695	46.668
634	38	28	376.754	45.372
635	38	29	376.767	44.174
636	38	30	375.78	44.98
637	38	31	372.679	45.334
638	38	32	372.31	46.756
639	38	33	368.2	44.977
640	38	34	380.768	46.517
641	38	35	385.016	48.233
642	38	36	385.693	50.872
643	38	37	393.041	52.123
644	38	38	396.287	53.739
645	38	39	403.594	50.679
646	38	40	409.033	51.28
647	38	41	408.341	52.011
648	38	42	409.294	50.583
649	38	44	413.454	44.153
650	38	45	410.068	45.49
651	38	46	412.837	46.093
652	38	47	411.829	55.968
653	38	48	410.822	60.489
654	38	49	407.94	65.914
655	38	50	405.194	69.291
656	38	51	403.087	71.611
657	38	52	402.146	73.1
658	38	53	412.734	65.243
659	38	54	422.103	54.099
660	38	55	424.7	54.512
661	38	56	425.599	54.627
662	38	57	427.461	52.223
663	38	58	426.804	53.228
664	38	59	428.448	51.624
665	38	60	429.141	51.896
666	38	61	428.543	49.912
667	38	62	427.78	47.555
668	38	63	429.299	47.731
669	38	64	430.337	43.056
670	38	65	429.448	41.372
671	38	66	427.285	33.444
672	38	67	426.4	34.45
673	38	68	421.147	25.753
674	38	69	431.814	34.252
675	38	70	438.51	41.193
676	38	71	438.025	40.245
677	38	72	435.593	38.254
678	38	73	438.555	41.056
679	38	74	437.241	38.098
680	38	75	438.333	39.061
681	38	76	435.037	35.627
682	38	77	439.596	33.478
683	38	79	424.637	23.022
684	38	80	422.564	20.692
685	38	81	424.834	21.537
686	38	82	425.954	22.319
687	38	83	425.837	21.104
688	38	84	423.887	20.105
689	38	89	429.341	19.784
690	38	90	432.414	19.037
691	38	91	427.571	17.02
692	38	92	427.731	16.274
693	38	93	430.58	16.154
694	38	94	431.862	13.737
695	41	25	440.7	435.5
696	41	26	442.358	435.041
697	41	27	445.085	433.822
698	41	28	444.382	433.126
699	41	29	443.006	433.981
700	41	30	442.415	434.125
701	41	31	443.676	434.82
702	41	32	441.93	435.331
703	41	33	444.576	435.545
704	41	34	442.611	436.879
705	41	35	443.492	435.672
706	41	36	444.685	436.296
707	41	37	441.938	436.723
708	41	38	443.634	436.667
709	41	39	443.709	436.715
710	41	40	444.241	437.627
711	41	41	441.718	436.681
712	41	42	445.109	437.395
713	41	44	446.275	436.898
714	41	45	445.134	438.614
715	41	46	447.165	437.936
716	41	47	441.992	438.523
717	41	48	444.014	437.038
718	41	49	450.029	438.459
719	41	50	451.737	438.543
720	41	51	450.994	439.061
721	41	52	451.106	439.677
722	41	53	450.77	440.904
723	41	54	451.183	439.24
724	41	55	451.475	440.041
725	41	56	451.384	440.638
726	41	57	451.928	440.598
727	41	58	453.369	440.667
728	41	59	452.835	441.328
729	41	60	453.561	441.178
730	41	61	454.226	441.612
731	41	62	455.345	441.23
732	41	63	455.773	441.738
733	41	64	456.179	440.912
734	41	65	456.672	441.378
735	41	66	457.715	439.902
736	41	67	456.528	441.279
737	41	68	457.998	441.634
738	41	69	457.126	441.076
739	41	70	457.291	441.261
740	41	71	456.24	441.496
741	41	72	457.006	441.134
742	41	73	457.565	440.676
743	41	74	457.678	440.812
744	41	75	458.935	439.671
745	41	76	457.692	441.886
746	41	77	458.28	442.026
747	41	78	458.605	440.99
748	41	79	459.064	440.621
749	41	80	459.232	441.569
750	41	81	458.37	441.071
751	41	82	457.448	441.953
752	41	83	457.935	441.076
753	41	84	458.12	441.323
754	41	85	458.938	441.558
755	41	86	459.498	441.218
756	41	87	459.104	442.519
757	41	88	459.856	442.329
758	41	89	459.459	441.848
759	41	90	457.948	442.619
760	41	91	460.428	441.78
761	41	92	460.743	441.054
762	41	93	460.291	441.098
763	41	94	461.068	440.408
764	41	95	460.474	441.928
765	41	96	461.066	441.416
766	42	25	277.868	457.135
767	42	26	273.403	453.585
768	42	31	277.578	455.433
769	42	32	274.733	452.202
770	42	33	273.963	450.562
771	42	34	273.431	448.921
772	42	35	273.206	447.473
773	42	36	272.016	448.696
774	42	37	273.209	450.756
775	42	39	275.624	447.871
776	42	40	276.226	448.355
777	42	41	276.128	443.695
778	42	42	275.751	441.52
779	42	43	273.65	445.837
780	42	44	275.255	447.307
781	42	45	275.013	449.859
782	42	46	276.713	439.866
783	42	47	277.24	432.65
784	42	48	281.255	420.327
785	42	49	282.91	418.206
786	42	50	284.721	417.877
787	44	29	375.322	126.566
788	44	30	374.233	126.575
789	44	31	379.261	127.145
790	44	32	379.817	126.122
791	44	33	379.157	125.988
792	44	34	376.861	130.094
793	44	35	379.841	127.213
794	44	36	381.624	129.319
795	44	37	380.288	127.368
796	44	38	379.921	126.535
797	44	39	381.135	126.737
798	44	40	383.922	125.898
799	44	41	382.419	126.92
800	44	42	380.816	127.588
801	44	43	379.718	127.429
802	44	44	379.086	130.427
803	44	45	378.772	126.537
804	44	46	382.811	130.438
805	44	47	381.285	128.154
806	44	48	379.645	129.19
807	44	49	382.415	128.925
808	44	50	383.354	130.008
809	44	51	379.806	130.817
810	44	52	379.809	129.065
811	44	53	381.006	128.37
812	44	54	382.82	129.498
813	44	55	384.169	130.037
814	44	56	384.099	128.794
815	44	57	384.51	129.616
816	44	58	383.665	135.745
817	44	59	378.837	134.923
818	44	60	378.832	140.263
819	44	61	382.546	137.215
820	44	62	379.422	139.471
821	44	63	378.859	136.708
822	44	64	377.164	139.936
823	44	65	377.089	141.762
824	44	66	380.69	139.632
825	44	67	381.479	137.476
826	44	68	381.248	139.176
827	44	69	380.667	134.869
828	44	70	377.438	142.299
829	44	71	382.77	138.613
830	44	72	381.568	132.393
831	44	73	380.67	138.755
832	44	74	379.884	135.96
833	44	75	378.852	139.694
834	44	76	379.577	146.686
835	44	77	376.898	140.042
836	44	78	378.025	146.906
837	44	79	377.615	144.286
838	44	80	378.68	149.46
839	44	81	376.208	151.423
840	44	82	376.434	143.123
841	44	83	375.806	155.944
842	44	84	378.389	153.775
843	44	85	377.746	152.32
844	44	86	378.675	156.038
845	44	87	378.808	139.497
846	44	88	376.35	141.05
847	44	89	375.245	144.994
848	44	90	376.778	147.262
849	44	91	375.05	152.1
850	44	92	376.508	147.324
851	44	93	377.074	155.006
852	44	94	377	154.05
853	50	36	277.202	432.824
854	50	37	277.394	435.216
855	50	38	278.589	433.289
856	50	39	279.224	431.997
857	50	40	279.081	429.805
858	50	41	279.754	425.112
859	50	42	279.371	422.953
860	50	43	279.849	420.912
861	50	44	280.923	414.221
862	50	45	281.973	407.135
863	50	46	280.15	405.6
864	50	47	281.593	407.51
865	50	48	281.381	400.458
866	50	50	281.168	402.218
867	50	51	277.363	382.595
868	50	52	281.796	406.024
869	50	56	281.68	406.617
870	50	57	279.697	410.426
871	52	39	214.815	244.793
872	52	40	220.154	232.75
873	52	41	225.56	220.792
874	52	42	229.193	212.211
875	52	43	241.104	196.652
876	52	44	228.857	217.925
877	52	45	236.6	203.45
878	52	46	230.8	214.288
879	52	47	230.931	210.68
880	52	52	235.469	199.926
881	52	53	231.362	205.804
882	52	54	233.676	199.787
883	52	55	232.317	202.717
884	52	56	222.716	219.945
885	52	57	225.739	212.281
886	52	58	229.024	207.016
887	52	59	221.317	225.036
888	52	60	229.214	207.691
889	57	48	277.377	389.794
890	57	49	274.502	381.061
891	57	50	268.66	373.787
892	57	51	269.75	371.8
893	57	55	272.062	361.719
894	57	56	275.055	364.273
895	57	57	275.332	361.282
896	57	58	277.509	364.683
897	57	59	274.181	356.124
898	57	60	270.741	344.565
899	57	61	272.504	350.917
900	57	62	274.915	361.498
901	57	63	275.926	363.336
902	57	64	275.673	364.964
903	57	65	274.906	360.546
904	57	66	274.935	358.499
905	57	67	274.055	359.157
906	57	68	273.702	358.1
907	57	69	276.366	367.714
908	57	70	278.788	377.551
909	57	71	278.869	381.163
910	57	72	279.4	381.821
911	57	73	278.288	379.754
912	57	74	277.025	375.702
913	57	75	278.214	378.18
914	57	76	276.357	373.332
915	57	77	275.007	372.061
916	57	78	275.484	372.188
917	57	79	274.313	368.959
918	57	80	272.059	364.468
919	57	81	271.088	362.973
920	57	82	267.706	359.919
921	60	51	268.29	368.361
922	60	52	270.27	360.097
923	60	53	270.711	355.176
924	60	54	271.207	352.383
925	60	55	271.434	344.71
926	60	56	272.124	341.342
927	60	57	263.371	334.146
928	60	58	264.021	333.304
929	60	59	261.082	331.747
930	60	60	261.034	328.243
931	60	61	261.775	326.698
932	60	62	258.376	327.977
933	60	63	256.241	327.429
934	60	64	256.792	327.48
935	60	65	253.803	326.547
936	60	66	251.621	324.674
937	60	67	248.526	322.356
938	60	68	248.166	324.236
939	60	69	238.229	322.283
940	60	70	244.527	324.602
941	60	72	239.924	322.146
942	60	73	239.784	321.942
943	60	74	236.809	318.467
944	60	75	236.777	318.751
945	60	76	230.223	318.635
946	60	77	231.323	319.424
947	60	78	230.521	318.102
948	60	79	228.987	317.632
949	60	80	224.367	315.719
950	60	81	226.142	313.572
951	60	82	223.702	313.778
952	60	83	220.894	308.404
953	60	84	219.642	304.546
954	60	85	213.619	300.078
955	60	86	211.794	302.508
956	60	87	202.043	301.901
957	60	89	198.792	300.083
958	60	90	191.76	299.269
959	60	91	188.087	298.635
960	60	92	186.701	300.487
961	60	93	180.948	297.105
962	60	94	176.069	294.835
963	60	95	174.368	296.582
964	60	96	171.6	295.1
965	66	64	432.772	51.888
966	66	65	432.459	48.931
967	66	66	430.115	43.8
968	66	67	430.382	42.313
969	66	68	432.165	40.849
970	66	69	435.287	45.367
971	66	70	441.535	52.831
972	66	71	441.092	47.117
973	66	72	441.566	44.08
974	66	76	429.392	28.739
975	66	77	435.757	34.845
976	66	78	435.028	31.895
977	66	79	433.934	29.574
978	66	80	433.431	28.698
979	66	81	433.933	27.277
980	66	82	436.676	25.25
981	66	83	434.702	22.528
982	66	84	434.367	22.542
983	66	85	434.027	22.693
984	66	86	430.76	21.232
985	66	87	428.265	20.535
986	66	88	420.82	18.568
987	66	89	420.795	18.323
988	66	90	421.556	17.179
989	66	92	418.161	14.371
990	66	93	428.557	16.088
991	66	94	426.264	13.985
992	66	95	428.004	11.364
993	66	96	419.512	11.904
