	TRACK_ID	FRAME	POSITION_X	POSITION_Y
1	6	0	551.651	335.224
2	6	1	554.416	331.823
3	6	2	556.789	333.064
4	6	3	558.077	334.875
5	6	4	558.746	334.452
6	6	5	559.329	332.217
7	6	6	560.164	334.649
8	6	7	561.096	338.221
9	6	8	561.799	337.639
10	6	9	560.005	337.579
11	6	10	560.338	347.177
12	6	11	560.173	351.151
13	6	12	560.304	354.655
14	6	13	560.346	355.866
15	6	14	559.125	350.222
16	6	15	554.972	340.336
17	6	16	552.699	332.922
18	6	17	552.58	332.043
19	6	18	553.96	346.054
20	6	19	559.851	354.205
21	6	20	565.563	362.96
22	6	21	567.616	367.038
23	6	22	568.463	368.211
24	6	23	567.573	365.459
25	6	24	568.431	367.761
26	6	25	565.263	361.64
27	6	26	562.011	351.891
28	6	27	560.093	347.201
29	6	28	562.991	350
30	6	29	567.291	356.632
31	6	30	570.41	360.334
32	6	31	571.206	362.199
33	6	32	572.178	363.34
34	6	33	572.746	361.278
35	6	34	573.686	361.44
36	6	35	576.079	361.586
37	6	36	576.564	361.303
38	6	37	576.522	363.557
39	6	38	577.902	364.047
40	6	39	578.067	363.285
41	6	40	579.545	363.652
42	6	41	580.613	361.977
43	6	42	582.436	362.214
44	6	43	581.759	360.825
45	6	44	581.767	358.063
46	6	45	578.73	354.548
47	6	46	581.033	355.201
48	6	47	582.925	355.302
49	6	48	581.145	353.734
50	6	49	582.439	354.191
51	6	50	580.26	352.579
52	6	51	579.265	352.307
53	6	52	580.722	358.958
54	6	53	584.962	364.267
55	6	54	587.754	364.623
56	6	55	584.051	362.834
57	6	56	585.603	360.958
58	6	57	583.972	360.803
59	6	58	585.452	362.146
60	6	59	582.488	361.68
61	6	60	583.001	363.742
62	6	61	581.564	364.072
63	6	62	582.417	358.28
64	6	63	584.247	358.099
65	6	64	586.975	361.323
66	6	65	584.756	362.142
67	6	66	585.958	361.797
68	6	67	585.695	358.989
69	6	68	586.18	360.381
70	6	69	586.296	360.918
71	6	70	583.879	357.128
72	6	71	586.477	357.177
73	6	72	587.674	359.84
74	6	73	588.475	361.26
75	6	74	586.663	360.527
76	6	75	583.868	358.756
77	6	76	587.316	358.862
78	6	77	591.193	361.27
79	6	78	590.135	359.193
80	6	79	589.345	358.187
81	6	80	591.052	359.416
82	6	81	590.962	359.586
83	6	82	591.335	360.484
84	6	83	590.685	362.193
85	6	84	589.509	360.426
86	6	86	590.632	359.374
87	6	87	590.667	357.75
88	6	88	590.7	357.77
89	6	89	589.907	355.823
90	6	90	589.75	358.32
91	6	91	590.744	359.793
92	6	92	589.299	355.833
93	6	94	591.025	361.276
94	6	95	589.628	359.208
95	8	0	470.856	492.508
96	8	1	466.96	489.023
97	8	2	469.202	489.873
98	8	3	470.722	491.609
99	8	4	476.62	496.576
100	8	5	481.93	498.68
101	8	6	485.603	501.258
102	8	7	489.026	510.004
103	8	8	493.034	517.492
104	8	9	496.474	522.279
105	8	10	499.686	526.968
106	8	11	499.614	524.722
107	8	12	502.902	535.142
108	8	13	507.411	540.882
109	8	14	510.788	545.209
110	8	15	514.119	552.458
111	8	16	514.205	551.438
112	8	17	517.855	559.276
113	8	18	519.577	561.988
114	8	19	518.442	560.472
115	8	20	519.877	563.022
116	8	21	521.511	563.875
117	8	22	520.842	565.154
118	8	23	521.061	565.248
119	8	24	520.041	567.036
120	8	25	519.175	571.642
121	8	26	518.571	572.758
122	8	27	516.763	577.609
123	8	28	516.23	577.259
124	8	29	516.009	576.242
125	8	30	514.946	578.382
126	8	31	516.396	576.05
127	8	32	517.345	575.305
128	8	33	517.656	572.563
129	8	34	517.351	573.76
130	8	35	515.658	575.263
131	8	36	515.16	575.936
132	8	37	516.752	573.753
133	8	38	515.511	575.327
134	8	39	513.392	578.948
135	8	40	512.443	583.997
136	8	41	511.562	587.092
137	8	42	511.818	587.972
138	8	43	509.077	595.377
139	9	0	154.258	512.299
140	9	1	152.057	515.066
141	9	2	151.313	517.103
142	9	3	151.376	514.869
143	9	4	150.754	513.561
144	9	5	152.113	513.778
145	9	6	148.882	514.54
146	9	7	148.783	513.007
147	9	8	144.168	514.26
148	9	9	142.717	513.835
149	9	10	141.28	516.297
150	9	11	142.022	518.305
151	9	12	141.579	515.889
152	9	13	142.625	518.856
153	9	14	142.418	515.27
154	9	15	144.054	517.288
155	9	16	144.154	514.436
156	9	17	142.837	515.558
157	9	18	141.041	516.504
158	9	19	141.285	517.216
159	9	20	140.123	517.039
160	9	21	138.546	517.318
161	9	22	139.469	517.353
162	9	23	135.172	518.262
163	9	24	131.02	522.089
164	9	25	130.016	517.76
165	9	26	132.174	521.35
166	9	27	131.921	520.229
167	9	28	132.913	518.742
168	9	29	132.751	519.342
169	9	30	133.361	517.428
170	9	31	136.231	516.609
171	9	32	135.005	517.384
172	9	33	130.83	521.668
173	9	34	133.555	523.183
174	9	35	134.118	519.159
175	9	36	134.442	520.639
176	9	37	133.184	526.429
177	9	38	131.591	525.099
178	9	39	132.263	528.296
179	9	40	135.024	533.05
180	9	41	136.721	531.04
181	9	42	138.325	532.642
182	9	43	133.903	533.159
183	9	44	133.027	527.424
184	13	0	353.32	13.987
185	13	1	349.736	15.959
186	13	2	342.928	30.063
187	13	3	339.925	33.74
188	13	4	350.875	13.275
189	13	5	359.45	0
190	13	6	360.1	0
191	13	7	348.785	19.066
192	13	8	346.245	24.215
193	13	9	350.72	16.1
194	13	10	354.575	12.477
195	13	11	351.607	18.205
196	13	12	349.121	28.297
197	13	13	353.423	16.146
198	13	14	356.509	14.263
199	13	15	353.354	21.16
200	13	17	353.321	18.412
201	13	18	354.791	20.623
202	13	19	354.519	18.32
203	13	20	351.231	25.416
204	13	21	353.141	22.292
205	13	22	351.13	26.057
206	13	23	353.876	21.256
207	13	24	355.25	23.192
208	13	25	356.029	23.601
209	13	26	354.061	18.223
210	13	27	353.224	19.56
211	13	28	353.316	21.826
212	13	29	353.312	15.192
213	13	30	353.683	20.511
214	13	31	355.115	19.496
215	13	32	353.507	19.185
216	13	33	355.935	18.162
217	13	34	353.506	20.65
218	13	35	354.939	19.324
219	13	36	357.528	16.651
220	13	37	358.492	21.408
221	13	38	357.466	21.087
222	13	39	359.442	21.208
223	13	40	359.314	22.019
224	13	41	359.294	25.516
225	13	42	363.388	21.206
226	13	43	361.571	21.549
227	13	44	360.832	23.074
228	13	46	361.117	21.098
229	13	47	360.632	22.965
230	13	48	359.654	25.058
231	13	49	363.452	24.479
232	13	50	364.417	23.115
233	13	51	364.241	24.472
234	13	52	362.986	29.932
235	13	53	362.936	28.453
236	13	54	366.386	21.763
237	13	55	364.436	18.836
238	13	56	364.812	24.274
239	13	57	365.066	23.994
240	13	58	366.622	23.396
241	13	60	365.391	29.282
242	13	61	368.939	16.75
243	13	62	369.696	17.803
244	13	63	369.474	18.302
245	13	64	370.14	19.073
246	13	65	369.173	21.284
247	13	66	369.113	13.177
248	13	67	371.418	15.399
249	13	68	365.193	18.975
250	13	69	362.993	18.546
251	13	70	367.846	16.173
252	13	71	366.11	13.022
253	13	72	367.483	13.761
254	13	73	372.603	18.147
255	13	74	372.438	16.126
256	13	75	375.585	18.762
257	13	76	372.895	14.371
258	13	77	375.297	19.732
259	13	78	378.16	20.128
260	13	79	368.078	10.308
261	13	80	374.848	17.686
262	18	0	580.272	195.326
263	18	1	579.563	191.747
264	18	2	579.156	191.525
265	18	3	580.632	190.469
266	18	4	580.492	191.354
267	18	5	579.949	192.056
268	18	6	579.915	192.296
269	18	7	580.203	193.066
270	18	8	579.997	192.189
271	18	9	580.529	193.912
272	18	10	581.968	192.684
273	18	11	582.461	191.11
274	18	12	582.486	190.425
275	18	13	582.863	190.46
276	18	14	583.536	190.661
277	18	15	583.253	188.685
278	18	16	584.494	188.171
279	18	17	583.914	185.504
280	18	18	583.469	182.746
281	18	19	582.239	181.422
282	18	20	581.176	179.961
283	18	21	580.486	179.255
284	18	22	579.518	177.508
285	18	23	576.583	176.335
286	18	24	577.218	175.341
287	18	25	577.151	174.079
288	18	26	576.375	174.135
289	18	27	576.691	174.017
290	18	28	577.124	172.907
291	18	29	578.787	172.24
292	18	30	579.381	171.783
293	18	31	581.272	171.011
294	18	32	581.03	171.374
295	18	33	582.818	171.213
296	18	34	581.029	171.356
297	18	35	579.486	171.256
298	18	36	570.104	172.61
299	19	0	170.911	200.008
300	19	1	164.598	194.903
301	19	2	174.132	194.616
302	19	3	164.6	191.75
303	19	4	175.225	193.046
304	19	5	165.415	189.88
305	19	6	172.813	192.136
306	19	7	160.171	189.296
307	19	8	173.066	188.536
308	19	9	151.25	186.556
309	19	10	151.244	185.544
310	19	11	141.858	185.528
311	19	12	141.875	185.454
312	19	13	154.489	183.783
313	19	14	144.474	186.247
314	19	15	148.317	185.659
315	19	16	145.121	184.415
316	19	17	140.387	185.629
317	19	18	137.454	187.963
318	19	19	144.404	185.754
319	19	20	141.763	186.691
320	19	21	140.722	187.588
321	19	22	141.62	186.368
322	19	23	131.867	188.701
323	19	24	137.111	186.557
324	19	25	135.186	186.449
325	19	26	136.3	185.033
326	19	27	135.136	185.764
327	19	28	132.586	186.079
328	19	29	131.953	186.884
329	19	30	130.435	185.64
330	19	31	128.819	185.286
331	19	32	126.96	185.725
332	19	33	125.635	183.557
333	19	34	123.273	186.013
334	19	35	120.966	184.173
335	19	36	117.388	186.214
336	19	37	121.886	184.901
337	19	38	120.437	183.103
338	19	39	119.801	185.529
339	19	40	116.924	186.97
340	19	41	114.419	187.292
341	19	42	119.057	183.1
342	19	43	121.105	181.949
343	19	44	116.476	183.834
344	19	45	115.725	183.686
345	19	46	113.625	184.039
346	19	47	113.708	183.103
347	19	48	114.587	183.959
348	19	49	111.68	185.948
349	19	50	110.53	182.937
350	19	51	111.378	184.254
351	19	52	113.561	184.769
352	19	53	113.161	185.174
353	19	54	114.594	185.949
354	19	55	114.481	186.037
355	19	56	112.036	187.932
356	19	57	110.622	188.189
357	19	58	111.546	185.568
358	19	59	110.408	183.044
359	19	60	109.253	183.191
360	19	61	108.226	180.768
361	19	62	105.627	185.251
362	19	63	109.646	182.341
363	19	64	107.183	185.17
364	19	65	106.791	185.007
365	19	66	107.426	188.873
366	19	67	105.658	185.909
367	19	68	105.014	183.744
368	19	69	105.655	186.669
369	19	70	105.04	190.683
370	19	71	103.674	189.208
371	19	72	103.49	187.218
372	19	73	105.999	191.772
373	19	74	103.157	190.916
374	19	75	103.572	189.061
375	19	76	103.57	187.975
376	19	77	105.528	185.832
377	19	78	101.284	190.49
378	19	79	101.108	191.446
379	19	80	102.318	193.195
380	19	81	101.333	193.905
381	19	82	100.638	190.721
382	19	83	100.991	192.811
383	19	84	99.372	194.436
384	19	85	98.001	194.309
385	19	86	97.984	194.2
386	19	87	96.864	192.702
387	19	88	98.201	193.923
388	19	89	96.806	191.617
389	19	90	93.359	189.785
390	19	91	93.536	195.598
391	19	92	95.311	191.199
392	19	93	97.874	196.225
393	19	94	96.147	191.476
394	19	95	99.988	192.922
395	19	96	97.158	194.772
396	21	5	570.819	211.382
397	21	6	571.23	212.406
398	21	7	572.599	212.518
399	21	8	584.978	200.088
400	21	9	584.48	200.12
401	21	11	587.661	200.064
402	21	12	605.207	187.107
403	21	13	607.145	186.944
404	21	14	606.901	188.411
405	21	15	607.11	187.947
406	21	16	608.688	186.49
407	21	19	607.75	184.6
408	21	20	604.99	185.37
409	21	21	603.595	186.401
410	21	22	603.332	184.895
411	21	23	600.195	184.409
412	21	24	598.923	184.18
413	21	25	598.935	182.571
414	21	26	599.341	182.465
415	21	27	597.78	183.9
416	21	28	597.475	183.573
417	21	29	598.468	183.48
418	21	30	597.893	182.7
419	21	31	599.491	182.925
420	21	32	598.197	183.928
421	21	33	599.875	184.573
422	21	34	596.457	186.653
423	21	35	596.504	186.109
424	21	36	593.615	186.868
425	21	37	593.422	186.549
426	21	38	591.7	188.767
427	21	39	595.873	187.177
428	21	40	594.757	188.511
429	22	3	453.766	246.463
430	22	4	451.244	243.03
431	22	5	451.762	244.267
432	22	6	461.992	254.398
433	22	7	462.852	255.673
434	22	8	456.496	248.964
435	22	9	457.716	251.462
436	22	10	466.876	261.261
437	22	11	467.996	264.776
438	22	12	458.452	256.583
439	22	13	456.441	253.702
440	22	14	459.711	257.556
441	22	15	469.164	267.664
442	22	16	467.637	265.339
443	22	17	465.589	265.633
444	22	18	460.938	262.616
445	22	19	458.916	261.934
446	22	20	458.389	260.946
447	22	21	456.092	259.146
448	22	22	466.851	271.45
449	22	23	464.524	271.841
450	22	24	464.687	273.559
451	22	25	467.99	275.345
452	22	26	468.304	276.428
453	27	7	584.796	261.754
454	27	8	580.631	262.534
455	27	9	574.284	264.053
456	27	10	571.663	264.728
457	27	11	573.464	264.118
458	27	12	573.481	264.879
459	27	13	576.558	264.656
460	27	14	583.533	262.116
461	27	15	584.712	260.027
462	27	16	588.603	257.095
463	27	17	591.415	258.045
464	27	18	593.279	258.075
465	27	19	595.824	256.898
466	27	20	598.352	258.502
467	27	21	600.32	260.725
468	27	22	600.87	260.656
469	27	23	601.093	260.642
470	27	24	600.728	260.31
471	27	25	600.446	259.532
472	27	26	600.722	259.773
473	27	27	600.371	260.762
474	27	28	599.745	259.946
475	27	29	599.753	259.892
476	27	30	598.624	259.711
477	27	31	599.046	259.92
478	27	32	600.572	260.124
479	27	33	602.631	259.81
480	27	34	602.847	260.4
481	27	35	601.657	259.298
482	27	36	601.66	260.27
483	27	37	602.222	260.622
484	27	38	603.212	260.454
485	27	39	602.798	260.08
486	27	40	601.306	261.443
487	27	41	601.518	259.718
488	27	42	601.478	260.511
489	27	43	602.344	260.994
490	27	44	602.887	261.28
491	27	45	603.938	260.48
492	27	46	604.47	260.802
493	27	47	606.706	261.563
494	27	48	604.528	261.834
495	27	49	604.099	260.99
496	27	50	604.943	261.423
497	27	51	603.371	262.135
498	27	52	601.596	262.61
499	27	53	604.542	264.054
500	27	54	602.874	264.067
501	27	55	601.994	264.678
502	27	56	602.808	265.238
503	27	57	602.987	265.663
504	27	58	604.808	266.316
505	27	59	604.283	266.77
506	27	60	602.344	267.055
507	27	61	603.028	268.6
508	27	62	601.082	268.522
509	27	63	599.022	269.048
510	27	64	599.249	269.334
511	27	65	597.92	270.743
512	27	66	598.213	272.459
513	27	67	594.573	272.319
514	27	68	596.493	273.146
515	27	69	596.803	274.95
516	27	70	598.019	276.812
517	27	71	594.333	280.576
518	27	72	594.877	295.268
519	28	7	214.384	640.27
520	28	8	212.082	643.79
521	28	9	207.421	640.876
522	28	10	190.341	636.063
523	28	11	174.244	631.272
524	28	12	163.751	625.635
525	28	13	162.738	626.702
526	28	14	164.984	626.423
527	28	15	181.324	636.956
528	28	16	168.857	629.959
529	28	17	182.03	637.358
530	28	18	190.713	645.066
531	28	19	184.406	640.723
532	28	22	165.246	630.277
533	28	23	164.794	630.926
534	28	24	156.534	625.822
535	28	25	142.221	611.874
536	28	26	134.127	602.563
537	28	27	125.117	591.737
538	28	28	124.636	592.476
539	28	29	119.209	589.152
540	28	30	124.139	593.512
541	36	22	165.246	630.277
542	36	23	158.782	627.025
543	36	24	151.45	622.05
544	36	25	142.221	611.874
545	36	28	127.792	595.564
546	36	29	127.749	596.582
547	36	30	128.389	597.602
548	36	31	132.622	603.283
549	36	32	133.23	607.079
550	36	33	136.215	612.352
551	36	34	138.512	615.287
552	36	35	129.093	609.31
553	36	36	124.442	605.833
554	36	37	113.989	594.922
555	36	38	101.114	584.677
556	36	39	96.945	582.061
557	36	40	105.358	591.672
558	36	41	111.327	599.788
559	36	42	126.413	616.926
560	36	43	125.535	617.922
561	36	44	126.351	617.422
562	36	45	119.772	610.085
563	41	28	560.874	182.242
564	41	29	557.964	192.328
565	41	34	560.445	200.593
566	41	35	560.072	203.011
567	41	36	560.652	204.842
568	41	37	562.195	203.551
569	41	38	563.085	203.551
570	41	39	565.492	204.697
571	41	40	565.675	205.583
572	41	41	566.215	206.039
573	41	42	565.941	206.678
574	41	43	566.263	208.278
575	41	44	563.222	207.555
576	41	45	561.529	206.74
577	41	46	561.089	205.874
578	41	47	561.845	206.279
579	41	48	561.135	206.944
580	41	49	560.844	207.245
581	41	50	560.181	207.245
582	41	51	560.967	207.242
583	41	52	559.398	207.907
584	41	53	558.742	207.558
585	41	54	558.801	207.803
586	41	55	558.426	207.826
587	41	56	559.512	207.743
588	41	57	558.408	209.234
589	41	58	558.433	208.756
590	41	59	559.453	208.446
591	41	60	558.526	209.34
592	41	61	557.837	208.434
593	41	62	557.326	207.79
594	41	63	557.03	208.889
595	41	64	556.947	207.684
596	41	65	555.826	206.904
597	41	66	555.401	207.11
598	41	67	554.408	206.402
599	41	68	554.665	207.112
600	41	69	554.445	207.699
601	41	70	555.428	206.848
602	41	71	555.68	206.157
603	41	72	554.624	206.754
604	41	73	554.796	207.123
605	41	74	554.516	209.569
606	41	75	554.645	208.266
607	41	76	555.838	208.27
608	41	77	554.65	209.121
609	41	78	554.64	206.933
610	41	79	552.786	206.911
611	41	80	552.963	208.826
612	41	81	553.323	208.123
613	41	82	553.396	209.938
614	41	83	553.417	208.567
615	41	84	554.103	208.888
616	41	85	552.894	208.122
617	41	86	553.554	208.592
618	41	87	552.627	208.49
619	41	88	553.247	208.934
620	41	89	551.876	207.901
621	41	90	552.118	207.684
622	41	92	552.122	204.995
623	41	93	553.038	204.606
624	41	94	553.735	206.016
625	41	95	553.045	204.29
626	41	96	552.677	203.752
627	50	40	290.428	21.377
628	50	41	289.102	20.713
629	50	42	288.584	18.97
630	50	43	288.314	17.183
631	50	44	287.565	16.462
632	50	45	287.281	16.344
633	50	46	284.892	13.93
634	50	47	283.938	12.521
635	50	48	283.553	8.606
636	50	49	281.24	5.764
637	50	50	280.11	8.808
638	50	51	278.616	9.205
639	50	52	278.784	7.765
640	50	53	282.75	0
641	50	54	282.1	0
642	50	55	282.1	0
643	50	56	283.4	0
644	50	57	283.4	0
645	50	58	285.35	0
646	50	59	284.05	0
647	50	60	285.35	0
648	50	61	284.05	0
649	50	62	285.35	0
650	57	46	100.87	592.666
651	57	47	95.747	588.839
652	57	48	95.939	587.699
653	57	53	98.86	593.844
654	57	54	98.504	595.379
655	57	55	105.557	601.288
656	57	56	114.575	611.427
657	57	57	114.616	611.444
658	57	58	114.166	610.741
659	57	59	113.178	610.456
660	57	60	109.713	608.131
661	57	61	108.287	607.169
662	57	63	116.531	613.598
663	57	64	113.203	607.056
664	57	65	111.529	604.959
665	57	66	113.872	605.604
666	57	67	114.695	607.479
667	57	68	115.233	609.389
668	57	69	115.581	608.42
669	57	70	115.38	607.889
670	57	71	115.762	610.961
671	57	72	118.873	618.275
672	57	73	118.388	624.382
673	57	74	115.746	609.961
674	57	75	116.555	596.958
675	57	76	117.633	595.344
676	57	77	121.387	610.783
677	57	78	120.403	624.965
678	57	79	119.698	635.428
679	57	80	120.91	631.625
680	57	81	118.986	615.729
681	57	82	116.35	594.175
682	57	83	120.696	607.766
683	57	84	119.792	590.741
684	57	85	124.537	574.519
685	57	86	127.808	572.964
686	57	87	132.443	568.842
687	57	88	132.005	570.019
688	57	89	133.511	571.588
689	57	90	130.651	586.299
690	57	91	133.755	576.143
691	57	92	138.166	566.433
692	57	93	139.818	563.891
693	57	94	141.197	567.295
694	57	95	137.797	574.15
695	57	96	151.01	560.896
696	66	57	470.1	291.344
697	66	58	469.68	294.064
698	66	59	473.278	299.262
699	66	60	474.699	300.058
700	66	61	476.6	306.748
701	66	62	476.755	308.396
702	66	63	482.95	319.15
703	66	66	477.656	314.09
704	66	67	474.753	311.02
705	66	68	474.158	313.691
706	66	69	469.539	308.576
707	66	72	475.046	315.02
708	66	73	471.493	311.766
709	66	77	478.489	323.018
710	66	78	482.243	327.041
711	66	79	486.17	336.105
712	66	80	491.077	343.201
713	66	81	488.519	339.711
714	66	82	482.151	335.164
715	66	83	480.154	332.092
716	66	84	476.218	328.476
717	66	85	477.692	334.591
718	66	86	482.643	338.458
719	66	87	490.403	345.021
720	66	88	494.532	350.373
721	66	89	490.263	344.175
722	66	90	492.05	345.15
723	73	63	575.429	268.688
724	73	64	575.9	269.1
725	73	65	578.307	269.329
726	73	66	575.026	269.511
727	73	69	576.526	271.571
728	73	70	592.445	278.233
729	73	71	586.434	280.595
730	73	72	591.247	286.948
731	73	73	592.091	291.045
732	73	74	593.053	291.372
733	73	75	594.05	289.9
734	73	76	594.459	289.564
735	73	77	595.209	291.818
736	73	78	596.121	292.121
737	73	79	594.689	292.565
738	73	80	592.499	293.328
739	73	81	591.998	293.376
740	73	82	591.414	293.001
741	73	83	589.317	292.871
742	73	84	587.572	293.087
743	73	85	587.009	296.42
744	73	86	585.004	293.462
745	73	87	582.032	291.1
746	73	88	582.061	290.176
747	74	63	484.25	321.1
748	74	64	483.987	323.406
749	74	65	483.405	319.331
750	74	66	478.313	315.965
751	74	67	481.213	322.558
752	74	68	486.472	331.646
753	74	69	485.119	327.783
754	74	70	479.603	322.18
755	74	71	481.818	325.539
756	74	72	476.172	317.06
757	74	73	476.349	319.916
758	74	74	482.399	329.336
759	74	75	489.45	339.3
760	74	76	488.623	336.807
761	74	77	488.551	334.893
762	74	78	488.467	337.031
763	74	79	497.017	350.206
764	74	80	499.408	352.693
765	74	81	503.168	353.704
766	74	82	494.972	351.31
767	74	83	488.303	345.608
768	74	84	486.824	343.163
