	TRACK_ID	FRAME	POSITION_X	POSITION_Y
1	1	0	349.107	115.321
2	1	1	347.157	116.656
3	1	2	349.933	106.818
4	1	3	350.719	105.277
5	1	4	353.219	103.35
6	1	5	356.93	104.375
7	1	6	355.957	106.52
8	1	7	358.04	106.865
9	1	8	361.894	105.23
10	1	9	366.652	104.98
11	1	10	367.099	106.557
12	1	11	368.436	105.705
13	1	12	370.722	106.11
14	1	13	373.176	108.404
15	1	14	375.569	114.957
16	1	15	376.41	118.459
17	1	16	376.793	121.588
18	1	17	379.797	121.071
19	1	18	382.985	120.136
20	1	19	384.997	117.517
21	1	20	384.767	115.199
22	1	21	386.062	116.934
23	1	22	388.426	117.983
24	1	23	391.117	120.089
25	1	24	393.158	123.595
26	1	25	399.688	130.472
27	1	26	404.792	136.315
28	1	27	409.314	143.029
29	1	28	409.291	148.63
30	1	29	410.089	151.876
31	1	30	415.05	154.958
32	1	31	417.17	156.752
33	1	32	418.052	159.853
34	1	33	419.846	159.123
35	1	34	422.562	158.182
36	1	35	425.705	155.19
37	1	36	426.06	153.21
38	1	37	423.041	154.932
39	1	38	424.82	153.593
40	1	39	421.288	157.62
41	1	40	429.645	153.547
42	1	41	431.593	153.205
43	1	42	431.641	155.401
44	1	43	434.192	153.419
45	1	44	435.343	153.26
46	1	45	432.329	156.486
47	1	46	428.704	158.834
48	1	47	428.409	160.057
49	1	48	424.517	161.649
50	1	49	419.881	165.665
51	1	50	420.907	166.07
52	1	51	421.839	165.095
53	1	52	419.369	169.403
54	1	53	422.722	163.476
55	1	54	421.338	164.458
56	1	55	424.178	163.761
57	1	56	426.309	163.421
58	1	57	426.131	164.461
59	1	58	430.242	161.424
60	1	59	427.3	159.701
61	1	60	426.687	158.783
62	1	61	424.943	157.419
63	1	62	422.351	155.398
64	1	63	421.022	157.422
65	1	64	418.161	160.11
66	1	65	420.181	161.133
67	1	66	417.237	160.697
68	1	67	415.881	160.039
69	1	68	415.835	159.25
70	1	69	414.29	158.805
71	1	70	414.542	160.711
72	1	71	412.785	158.511
73	1	72	414.757	160.17
74	1	73	413.549	155.631
75	1	74	413.397	156.818
76	1	75	413.807	155.474
77	1	76	414.334	154.068
78	1	77	414.173	155.821
79	1	78	412.419	152.346
80	1	79	410.683	154.779
81	1	83	405.685	153.212
82	1	84	402.936	149.901
83	1	85	400.514	148.93
84	1	86	394.4	143.76
85	3	0	499.117	140.326
86	3	1	491.566	150.884
87	3	2	485.462	150.765
88	3	3	482.742	157.195
89	3	4	485.855	153.922
90	3	5	497.079	136.405
91	3	6	501.946	127.62
92	3	7	500.078	135.286
93	3	8	498.859	132.905
94	3	9	496.956	139.187
95	3	10	499.187	141.514
96	3	11	496.024	129.262
97	3	12	495.873	143.178
98	3	13	497.866	146.263
99	3	14	496.757	148.56
100	3	15	498.694	136.368
101	3	16	495.623	145.342
102	3	17	496.435	138.518
103	3	18	492.839	147.242
104	3	19	493.042	140.132
105	3	20	490.342	146.499
106	3	21	487.329	156.374
107	3	22	482.985	159.742
108	3	23	479.642	161.945
109	3	24	477.537	163.292
110	3	25	474.14	171.874
111	3	26	471.007	177.581
112	3	27	470.409	181.67
113	3	28	469.226	181.887
114	3	29	468.803	191.253
115	3	30	466.102	191.382
116	3	31	464.554	187.162
117	3	32	464.727	192.773
118	3	33	464.974	207.855
119	3	34	463.702	210.121
120	3	35	460.982	207.036
121	3	36	460.988	210.983
122	3	37	456.42	208.142
123	3	38	455.653	206.909
124	3	39	459.987	216.864
125	3	40	452.097	204.78
126	3	41	451.885	208.299
127	3	42	455.786	217.815
128	3	43	445.983	207.238
129	3	44	449.252	213.669
130	3	45	451.193	217.908
131	3	46	440.95	201.61
132	3	47	440.323	204.788
133	3	48	436.073	203.711
134	3	49	437.591	206.567
135	3	50	433.25	200.817
136	3	51	437.162	209.543
137	3	52	441.961	218.992
138	3	53	441.899	217.966
139	3	54	440.079	213.839
140	3	55	447.607	227.087
141	3	56	446.17	219.758
142	3	57	449.466	226.366
143	3	58	443.565	219.532
144	3	59	446.237	225.564
145	3	60	448.234	228.968
146	3	61	444.886	234.23
147	3	62	443.063	234.729
148	3	63	444.238	237.127
149	3	64	444.08	241.25
150	3	65	444.222	239.795
151	3	66	447.284	240.354
152	3	67	443.195	242.322
153	3	68	443.849	243.143
154	3	69	447.312	241.424
155	3	70	441.942	244.079
156	3	71	440.258	246.017
157	3	72	447.107	242.49
158	3	73	445.924	243.819
159	3	74	442.133	248.058
160	3	75	448.959	244.642
161	3	76	445.264	253.756
162	3	77	449.772	250.617
163	3	78	452.682	245.657
164	3	79	450.379	252.868
165	3	80	449.393	252.389
166	3	81	453.927	247.514
167	3	82	454.843	253.469
168	3	83	455.235	255.157
169	3	84	454.888	255.033
170	3	85	454.02	250.354
171	3	86	456.444	253.188
172	3	87	460.765	255.134
173	3	88	459.971	255.297
174	3	89	455.872	254.331
175	3	90	461.03	257.501
176	3	91	467.419	258.622
177	3	92	462.675	255.336
178	3	93	472.355	257.154
179	3	94	471.745	258.436
180	3	95	465.505	252.948
181	3	96	467.539	254.298
182	7	0	410.656	181.804
183	7	1	410.47	181.968
184	7	2	409.052	178.622
185	7	3	409.303	179.356
186	7	4	409.983	176.693
187	7	5	409.702	177.201
188	7	6	409.928	180.752
189	7	7	410.135	182.771
190	7	8	410.941	186.403
191	7	9	410.007	191.056
192	7	10	409.64	194.92
193	7	11	409.482	200.833
194	7	12	409.326	203.582
195	7	13	410.054	206.914
196	7	14	412.08	210.429
197	7	15	411.647	213.624
198	7	16	411.045	215.001
199	7	17	411.81	217.213
200	7	18	411.808	216.93
201	7	19	410.577	218.334
202	7	20	410.456	218.91
203	7	21	409.38	221.269
204	7	22	410.287	220.105
205	7	23	410.448	218.711
206	7	25	410.265	219.941
207	7	26	410.877	219.849
208	7	27	410.19	220.473
209	7	28	410.688	220.477
210	7	29	410.103	222.9
211	7	30	409.74	221.545
212	7	31	410.154	221.732
213	7	32	409.856	222.797
214	7	33	409.821	221.461
215	7	34	410.089	224.84
216	7	37	409.465	227.257
217	7	38	408.34	231.003
218	7	39	408.415	231.765
219	7	40	407.759	233.564
220	7	41	407.516	232.464
221	7	42	408.048	232.162
222	15	0	337.676	544.86
223	15	1	340.481	542.342
224	15	2	340.041	534.533
225	15	3	342.013	534.321
226	15	4	343.678	531.376
227	15	5	342.87	529.925
228	15	6	342.947	531.462
229	15	7	344.356	527.647
230	15	8	344.056	526.643
231	15	9	345.517	524.449
232	15	10	344.72	523.851
233	15	11	344.999	523.955
234	15	12	345.295	522.286
235	15	13	345.515	524.973
236	15	14	347.138	529.734
237	15	15	348.194	531.513
238	15	16	347.673	530.501
239	15	17	349.728	529.98
240	15	18	351.45	528.344
241	15	19	354.82	526.157
242	15	20	358.69	524.315
243	15	21	361.855	524.029
244	15	22	364.995	519.139
245	15	23	364.762	518.599
246	15	24	367.107	517.059
247	15	25	367.134	515.896
248	15	26	370.003	516.193
249	15	27	371.873	514.913
250	15	28	372.883	510.192
251	15	29	376.485	509.551
252	15	30	378.283	509.891
253	15	31	379.979	509.881
254	15	32	380.506	512.86
255	15	33	381.94	510.774
256	15	34	383.662	513.389
257	15	35	385.544	513.39
258	15	36	388.635	516.73
259	15	37	392.339	516.187
260	15	38	392.968	515.874
261	15	39	392.027	515.887
262	15	40	396.282	518.281
263	15	41	396.641	516.852
264	15	42	397.689	513.737
265	15	43	400.233	514.038
266	15	44	401.782	514.624
267	15	45	402.429	514.108
268	15	46	406.103	515.256
269	15	47	406.788	513.369
270	15	48	407.438	511.448
271	15	49	409.619	508.523
272	15	50	409.582	508.432
273	15	51	411.3	508.334
274	15	52	411.77	509.123
275	15	53	411.895	507.369
276	15	54	410.75	508.691
277	15	55	406.512	509.748
278	15	56	407.097	510.906
279	15	57	405.775	511.256
280	15	58	403.46	510.544
281	15	59	403.316	512.63
282	15	60	401.964	511.306
283	15	61	400.003	514.077
284	15	62	397.572	511.619
285	15	63	399.067	516.281
286	15	64	401.227	515.961
287	15	65	402.314	516.601
288	15	66	397.235	507.53
289	15	67	394.901	501.945
290	15	68	400.238	513.782
291	15	69	392.137	496.692
292	15	70	401.922	515.06
293	15	71	397.768	508.02
294	15	72	401.264	517.073
295	15	73	400.977	513.638
296	15	74	391.67	495.532
297	15	75	400.614	518.82
298	15	76	399.779	514.407
299	15	77	396.153	509.078
300	15	78	400.653	519.021
301	15	79	397.71	510.047
302	15	80	392.706	499.477
303	15	81	395.313	506.318
304	15	82	393.962	509.332
305	15	83	395.69	509.095
306	15	84	404.465	529.996
307	15	85	398.286	515.776
308	15	86	404.976	536.378
309	15	87	404.888	533.156
310	15	88	400.357	519.531
311	15	89	402.352	523.233
312	15	90	409.192	538.814
313	15	91	400.587	523.962
314	15	92	410.027	540.244
315	16	0	309.935	580.712
316	16	1	309.458	584.01
317	16	2	307.823	579.251
318	16	3	308.46	582.631
319	16	4	308.634	579.756
320	16	5	309.223	582.127
321	16	6	308.035	580.813
322	16	7	309.441	583.346
323	16	8	309.098	581.868
324	16	9	309.081	578.998
325	16	10	309.678	582.504
326	16	11	309.346	580.475
327	16	12	309.381	581.195
328	16	13	310.275	583.695
329	16	14	311.978	591.538
330	16	15	312.835	594.637
331	16	16	312.723	595.553
332	16	17	313.962	597.407
333	16	18	313.075	599.569
334	16	19	313.597	601.555
335	16	20	312.968	603.498
336	16	21	312.52	602.562
337	16	22	311.523	601.212
338	16	23	311.754	602.178
339	16	24	311.841	604.826
340	16	25	313.075	606.888
341	16	26	312.866	606.968
342	16	27	313.012	609.851
343	16	28	312.665	614.107
344	16	29	312.468	612.65
345	16	30	312.363	613.649
346	16	31	312.997	613.393
347	16	32	313.83	613.723
348	16	33	312.824	609.661
349	16	34	313.657	617.701
350	16	35	313.824	617.726
351	16	36	314.117	617.587
352	16	37	313.703	621.305
353	16	38	314.054	620.549
354	16	39	314.13	621.07
355	16	40	314.099	625.456
356	16	41	314.44	623.673
357	16	42	314.365	622.422
358	16	43	315.32	620.27
359	16	44	314.639	620.635
360	16	45	315.169	615.349
361	16	46	315.155	613.063
362	16	47	316.755	608.804
363	16	48	315.953	607.264
364	16	49	316.069	604.902
365	16	50	316.446	602.995
366	16	51	316.508	602.628
367	16	52	316.445	605.156
368	16	53	316.927	605.6
369	16	54	316.555	605.22
370	16	55	316.629	603.089
371	16	56	317.317	599.326
372	16	57	316.799	597.975
373	16	58	317.475	598.17
374	16	59	317.093	595.898
375	16	60	316.698	595.271
376	16	61	317.63	595.061
377	16	62	317.156	594.37
378	16	63	316.996	593.392
379	16	64	318.05	591.529
380	16	65	317.204	593.2
381	16	66	317.952	591.154
382	16	67	317.743	589.757
383	16	68	317.751	593.238
384	16	69	316.944	591.603
385	16	70	316.927	592.236
386	16	71	317.209	595.932
387	16	72	317.286	592.831
388	16	73	317.356	591.331
389	16	74	317.259	596.733
390	16	75	318.425	592.03
391	16	76	318.024	590.389
392	16	77	318.145	590.507
393	16	78	317.907	588.979
394	16	79	318.507	588.723
395	16	80	317.636	589.533
396	16	81	317.97	589.644
397	16	82	318.74	596.725
398	16	83	317.45	595.66
399	16	84	318.381	592.669
400	16	85	318.187	594.779
401	16	86	318.211	596.007
402	16	87	318.191	594.259
403	16	88	318.309	596.351
404	16	89	318.42	593.421
405	16	90	318.172	595.614
406	16	91	318.49	597.908
407	16	92	318.534	595.667
408	16	93	318.131	596.142
409	16	94	318.028	594.086
410	16	95	318.209	595.041
411	16	96	316.512	599.475
412	17	0	528.535	21.633
413	17	1	531.327	18.609
414	17	2	530.034	10.547
415	17	3	526.972	13.983
416	17	4	522.719	16.029
417	17	5	520.962	16.799
418	17	6	514.729	20.918
419	17	7	509.865	24.901
420	17	8	506.787	27.759
421	17	9	502.403	31.655
422	17	10	501.809	32.167
423	17	11	496.625	39.819
424	17	12	492.501	44.16
425	17	13	485.542	49.624
426	17	14	479.044	58.416
427	17	15	477.559	62.873
428	17	16	474.017	65.304
429	17	17	467.451	71.211
430	17	18	464.289	71.383
431	17	19	456.768	75.927
432	17	20	454.035	77.181
433	17	21	451.548	77.496
434	17	22	457.709	72.431
435	17	23	471.989	64.61
436	17	24	475.68	63.303
437	17	25	483.212	63.145
438	17	26	486.811	58.064
439	17	27	483.688	60.618
440	17	28	485.546	61.236
441	17	30	499.339	45.997
442	17	31	499.595	43.967
443	17	32	500.581	41.382
444	17	33	497.518	44.418
445	17	34	497.074	45.164
446	17	35	497.287	41.224
447	17	36	500.432	40.285
448	17	37	500.844	38.123
449	17	38	500.61	37.939
450	17	39	500.208	37.217
451	17	40	498.49	35.424
452	17	41	503.512	46.602
453	17	42	502.187	36.456
454	17	43	503.854	38.94
455	17	44	505.181	41.832
456	17	45	506.499	48.749
457	17	46	508.706	56.541
458	17	47	505.22	39.575
459	17	48	505.852	45.364
460	17	49	506.911	51.65
461	17	50	508.422	52.627
462	17	51	509.91	67.007
463	17	52	509.786	71.822
464	17	53	509.483	68.023
465	17	54	507.681	57.498
466	17	55	506.626	46.029
467	17	56	504.493	27.626
468	17	57	500.681	16.353
469	17	58	497.303	8.257
470	17	59	496.35	6.048
471	17	60	496.712	8.835
472	17	61	492.7	0
473	17	66	499.378	17.768
474	17	67	502.641	31.115
475	17	68	502.937	38.377
476	17	69	501.215	30.339
477	17	70	498.015	16.429
478	17	71	494.806	4.96
479	17	72	493.35	0
480	17	73	477.75	0
481	17	74	477.1	0
482	17	75	475.15	0
483	17	76	476.45	0
484	17	78	478.4	0
485	17	79	475.8	0
486	17	80	477.75	0
487	17	81	479.7	0
488	17	82	475.8	0
489	17	83	479.05	0
490	17	84	479.558	6.385
491	17	85	477.75	0
492	17	86	477.75	0
493	17	87	474.5	0
494	17	88	477.75	0
495	17	89	476.45	0
496	17	90	477.1	0
497	22	0	349.944	83.596
498	22	1	350.823	81.771
499	22	2	347.784	74.096
500	22	3	355.404	68.176
501	22	4	357.552	66.39
502	22	5	357.847	72.376
503	22	6	360.864	72.229
504	22	7	362.817	72.175
505	22	8	363.094	76.056
506	22	9	362.803	76.47
507	22	10	361.534	75.557
508	22	11	361.573	65.906
509	22	12	359.82	73.344
510	22	13	361.785	61.959
511	22	14	362.723	75.983
512	22	15	363.024	68.874
513	22	16	364.543	67.287
514	22	17	362.121	80.092
515	22	18	364.172	70.513
516	22	19	360.818	82.574
517	22	20	361.827	83.079
518	22	21	365.734	70.253
519	22	22	367.085	65.927
520	22	23	365.793	71.514
521	22	24	365.67	72.462
522	22	25	365.834	70.334
523	22	26	368.099	63.861
524	22	27	369.493	64.107
525	22	28	364.403	75.163
526	22	29	365.239	79.451
527	22	30	368.905	65.151
528	22	31	370.651	62.173
529	22	32	369.448	64.435
530	22	33	365.398	67.832
531	22	34	368.556	66.798
532	22	35	367.434	66.715
533	27	3	497.887	41.051
534	27	4	497.721	40.449
535	27	5	499.831	35.285
536	27	6	500.837	34.239
537	27	7	501.352	33.129
538	27	8	497.372	37.127
539	27	9	495.626	37.825
540	27	10	494.974	38.341
541	27	11	486.061	45.422
542	27	12	480.853	48.96
543	27	13	474.561	53.623
544	27	14	467.668	62.957
545	27	15	459.266	68.888
546	27	16	453.735	71.463
547	27	17	449.838	74.125
548	27	18	443.259	75.65
549	27	19	440.12	78.603
550	27	20	435.263	81.142
551	27	21	428.398	83.953
552	27	22	431.861	80.94
553	27	23	427.825	82.966
554	27	24	431.107	80.889
555	27	25	432.608	78.767
556	27	26	434.695	77.99
557	27	27	447.902	74.597
558	28	4	520.824	73.268
559	28	5	521.913	73.353
560	28	6	521.653	72.043
561	28	7	521.693	74.102
562	28	8	522.368	72.468
563	28	9	522.64	73.236
564	28	10	523.729	73.393
565	28	11	523.505	72.443
566	28	12	510.995	61.064
567	28	13	516.726	49.126
568	28	16	506.12	42.733
569	28	17	502.625	45.944
570	28	18	499.991	47.456
571	28	19	498.897	47.103
572	28	20	498.307	47.506
573	28	21	497.578	47.483
574	28	22	494.644	47.085
575	28	23	490.13	47.67
576	28	25	490.462	47.262
577	28	26	490.019	48.644
578	28	28	489.961	51.302
579	28	29	493.371	54.221
580	28	30	499.687	52.589
581	28	31	488.171	59.604
582	28	32	495.562	56.288
583	28	33	492.934	53.943
584	28	34	492.165	54.578
585	28	35	486.117	51.812
586	28	36	485.495	52.622
587	28	37	486.132	52.213
588	28	38	487.519	55.685
589	28	39	488.528	55.136
590	28	40	490.048	57.429
591	28	41	488.26	54.559
592	28	42	489.536	53.575
593	28	43	488.021	51.438
594	28	44	488.965	51.929
595	28	45	488.172	47.979
596	28	46	491.67	56.618
597	28	50	490.594	50.182
598	28	51	486.695	39.336
599	28	52	486.313	39.619
600	28	53	488.731	45.325
601	28	54	488.291	41.46
602	28	55	489.965	44.255
603	28	56	490.865	43.952
604	28	57	494.048	52.024
605	28	58	491.291	43.722
606	28	59	492.539	45.438
607	28	60	490.827	39.449
608	28	61	495.544	49.259
609	28	62	494.71	45.54
610	28	63	493.686	40.966
611	28	64	493.298	38.396
612	28	65	489.82	30.797
613	28	66	488.032	30.211
614	29	4	354.649	74.176
615	29	5	347.807	81.538
616	29	6	345.493	80.641
617	29	7	345.837	79.564
618	29	8	346.395	77.649
619	29	9	344.857	78.432
620	29	10	343.564	78.835
621	29	11	343.231	77.747
622	29	12	341.964	76.056
623	29	13	343.73	76.133
624	29	14	343.835	79.688
625	29	15	344.173	77.757
626	29	16	344.911	75.011
627	29	17	343.981	78.609
628	29	18	346.891	67.866
629	29	19	348.991	63.722
630	29	20	345.339	69.789
631	29	21	347.275	67.345
632	29	22	348.711	64.284
633	29	23	349.524	63.492
634	29	24	347.028	67.23
635	29	25	347.885	64.856
636	29	26	346.776	66.2
637	29	27	350.616	62.774
638	29	28	345.737	66.744
639	29	29	347.709	61.647
640	29	30	348.323	59.999
641	29	31	349.671	58.073
642	29	32	345.323	62.627
643	29	33	351.631	54.113
644	29	34	354.596	51.914
645	29	35	347.317	58.629
646	29	36	357.927	48.952
647	29	37	358.449	46.935
648	29	38	362.622	44.6
649	29	39	348.948	56.167
650	29	40	348.35	58.86
651	29	41	347.301	56.877
652	29	42	350.363	50.462
653	29	43	344.251	57.139
654	29	44	345.393	55.042
655	29	45	345.064	54.22
656	29	46	345.107	52.882
657	29	47	342.781	57.818
658	29	48	342.205	57.966
659	29	49	344.353	52.037
660	29	50	344.047	53.399
661	29	51	342.837	56.478
662	29	52	341.415	57.735
663	29	53	341.684	58.108
664	29	54	343.149	55.16
665	29	55	342.419	56.104
666	29	56	345.597	50.473
667	29	57	344.062	53.569
668	29	58	341.86	56.92
669	29	59	338.745	61.046
670	29	60	336.592	62.044
671	29	61	336.917	59.785
672	29	62	334.975	61.336
673	29	63	332.98	63.171
674	29	64	328.715	65.624
675	29	65	326.98	65.243
676	29	66	324.655	66.709
677	29	67	323.894	67.597
678	29	68	320.82	71.629
679	29	69	320.25	70.445
680	29	70	321.43	69.174
681	29	71	320.927	65.607
682	29	72	318.739	66.594
683	29	73	316.949	64.317
684	29	74	315.554	63.592
685	29	75	313.507	63.397
686	29	76	313.066	60.877
687	29	77	310.911	60.734
688	29	78	310.837	57.682
689	29	79	308.59	56.139
690	29	80	307.964	57.682
691	29	81	305.864	54.872
692	29	82	303.034	53.206
693	29	83	298.873	50.04
694	29	84	296.519	47.162
695	29	85	296.08	46.525
696	29	86	292.693	42.836
697	29	87	286.504	37.866
698	29	88	282.89	32.892
699	29	89	279.603	27.56
700	29	90	285.362	34.85
701	29	91	286.833	36.473
702	29	92	283.075	32.552
703	29	93	277.927	27.908
704	29	94	270.584	19.605
705	29	95	266.142	12.257
706	29	96	263.34	6.744
707	30	2	297.258	87.297
708	30	3	301.77	81.563
709	30	4	301.036	80.585
710	30	5	300.906	79.365
711	30	6	306.352	74.909
712	30	7	310.826	71.118
713	30	8	310.243	70.951
714	30	9	314.799	66.971
715	30	10	315.831	65.181
716	30	11	316.52	64.402
717	30	12	314.53	66.642
718	30	13	314.847	68.383
719	30	14	316.457	72.602
720	30	15	316.121	74.632
721	30	16	320.981	68.005
722	30	17	325.898	61.126
723	30	18	328.888	56.36
724	30	19	330.098	52.224
725	30	20	332.622	46.757
726	30	21	333.716	43.854
727	30	22	334.132	40.675
728	30	23	332.714	43.512
729	30	24	332.849	42.332
730	30	25	331.138	44.719
731	30	26	330.934	43.829
732	30	27	330.898	44.649
733	30	28	332.327	40.613
734	30	29	330.864	42.327
735	30	30	331.404	39.018
736	30	31	331.859	42.154
737	30	32	330.355	43.616
738	30	33	333.809	35.969
739	30	34	333.077	40.137
740	30	35	333.501	39.336
741	30	36	333.799	37.987
742	30	37	333.913	37.335
743	30	38	333.281	37.023
744	30	39	334.398	36.398
745	30	40	334.108	35.009
746	30	41	332.225	31.552
747	30	42	336.358	24.2
748	30	43	334.362	31.177
749	30	44	335.035	31.015
750	30	45	334.062	30.624
751	30	46	337.359	26.755
752	30	47	337.421	27.713
753	30	48	338.951	25.66
754	30	49	340.92	20.457
755	30	50	341.808	15.242
756	30	51	345.043	6.898
757	30	52	347.75	0
758	34	7	7.828	282.227
759	34	8	12.987	291.57
760	34	9	16.517	296.198
761	34	10	18.692	300.811
762	34	11	21.041	303.323
763	34	12	24.036	308.107
764	34	13	20.909	306.124
765	34	14	19.456	306.805
766	34	15	16.198	302.104
767	34	16	13.877	294.063
768	34	17	14.37	292.694
769	34	18	14.894	288.863
770	34	19	14.5	288.158
771	34	20	14.498	289.963
772	34	21	10.927	289.479
773	34	22	7.898	287.917
774	34	23	0	280.15
775	34	24	0	276.25
776	34	25	0	273
777	34	26	0	273.65
778	34	27	0	272.35
779	34	28	0	274.95
780	34	29	0	276.9
781	34	30	4.186	279.666
782	34	31	8.486	283.859
783	34	32	10.002	285.415
784	34	33	11.378	285.974
785	34	34	11.381	285.137
786	34	35	10.441	282.848
787	34	36	13.614	281.655
788	34	37	18.044	283.167
789	34	38	23.748	287.277
790	34	39	24.749	288.986
791	34	40	25.6	296.072
792	34	41	26.8	297.105
793	34	42	28.111	299.044
794	34	43	28.229	299.913
795	34	44	29.801	301.374
796	34	45	30.772	300.189
797	34	46	30.426	299.456
798	34	47	31.596	299.746
799	34	48	31.85	301.266
800	34	49	31.082	298.919
801	34	50	31.794	301.872
802	34	51	31.97	303.194
803	34	52	32.777	305.417
804	34	53	35.246	306.468
805	34	54	37.347	304.981
806	34	55	41.5	307.353
807	34	56	40.556	302.947
808	34	57	38.466	299.32
809	34	58	38.37	297.636
810	34	59	36.709	294.416
811	34	60	36.198	295.706
812	34	61	35.504	298.23
813	34	62	35.029	296.873
814	34	63	33.932	295.386
815	34	64	33.313	295.009
816	34	65	32.227	294.136
817	34	66	32.026	292.275
818	34	67	30.283	290.651
819	34	68	30.252	291.581
820	34	69	31.449	290.432
821	34	70	31.483	290.47
822	34	71	30.659	288.797
823	34	72	32.747	291.733
824	34	73	32.606	290.089
825	34	74	31.544	290.485
826	34	75	33.283	292.028
827	34	76	34.1	290.589
828	34	77	33.682	292.077
829	34	78	34.591	291.977
830	34	79	35.75	292.611
831	34	80	39.894	292.469
832	34	81	40.974	293.155
833	34	82	41.415	294.753
834	34	83	44.926	297.642
835	34	84	48.605	300.23
836	34	85	51.003	303.194
837	34	86	53.298	308.706
838	34	87	54.655	310.136
839	34	88	54.844	308.841
840	34	89	54.902	306.216
841	34	90	51.545	300.61
842	34	91	51.127	298.481
843	34	92	47.663	290.524
844	34	93	47.373	291.089
845	34	94	47.902	291.183
846	34	95	48.424	288.481
847	34	96	49.992	291.997
848	35	9	502.708	85.613
849	35	10	504.122	78.645
850	35	11	504.862	77.664
851	35	12	506.085	75.536
852	35	13	507.663	77.221
853	35	14	509.98	79.649
854	35	15	510.449	81.45
855	35	16	513.5	80.108
856	35	17	514.709	73.516
857	35	18	516.993	72.743
858	35	19	518.102	71.507
859	35	20	518.1	72.424
860	35	21	518.889	73.468
861	35	24	522.613	55.387
862	35	25	523.504	53.623
863	35	26	522.479	56.078
864	35	27	522.628	52.258
865	35	28	523.777	52.084
866	35	29	523.886	53.451
867	35	30	523.153	55.517
868	35	31	524.466	54.795
869	35	32	525.043	54.148
870	35	33	526.472	53.947
871	35	34	527.15	53.95
872	35	35	527.848	52.988
873	35	36	528.113	53.46
874	35	37	531.049	44.03
875	35	38	527.952	53.376
876	35	39	529.19	52.449
877	35	40	528.93	52.88
878	35	41	530.569	49.29
879	35	42	532.557	41.423
880	40	15	514.682	68.087
881	40	16	517.473	63.372
882	40	21	521.451	64.868
883	40	22	522.642	69.828
884	40	23	522.084	68.04
885	40	24	521.242	66.626
886	40	25	522.109	66.482
887	40	26	521.359	66.549
888	40	27	520.848	65.465
889	40	28	521.959	63.508
890	40	29	521.591	64.728
891	40	30	521.143	63.887
892	40	31	522.802	61.44
893	40	32	523.317	60.035
894	40	35	529.277	49.217
895	40	36	530.989	45.727
896	40	37	537.001	26.502
897	40	38	531.984	43.161
898	40	39	534.018	40.497
899	40	41	533.867	39.744
900	40	42	533.65	39
901	40	43	534.142	37.078
902	40	44	532.201	43.188
903	40	45	530.603	45.924
904	40	46	529.624	47.844
905	40	47	528.926	49.369
906	40	48	528.455	49.882
907	40	49	528.171	48.308
908	40	50	529.169	42.024
909	40	51	527.905	42.304
910	40	52	527.198	42.731
911	40	53	527.515	43.224
912	40	54	527.711	43.939
913	40	55	528.186	42.382
914	40	56	528.095	42.905
915	40	57	527.857	42.365
916	40	58	528.178	39.761
917	40	60	528.612	40.532
918	40	61	530.771	39.919
919	40	62	531.108	59.601
920	40	63	531.721	62.763
921	40	64	531.987	61.667
922	40	65	532.314	49.127
923	40	66	532.737	58.651
924	40	67	533.297	60.094
925	40	68	534.231	63.36
926	40	69	532.518	64.182
927	40	70	533.67	62.914
928	40	71	534.067	63.432
929	40	72	534.25	64.375
930	40	73	534.639	63.999
931	40	74	534.613	50.339
932	40	75	539.185	40.419
933	40	76	544.483	42.239
934	40	77	542.943	43.444
935	40	78	540.208	43.674
936	40	79	539.76	46.867
937	40	80	540.983	45.273
938	40	81	537.343	45.422
939	40	82	537.654	45.273
940	40	83	540.069	44.328
941	40	84	542.031	44.964
942	40	85	537.802	45.555
943	40	86	537.118	44.568
944	40	87	538.067	43.428
945	40	88	539.438	42.812
946	40	89	537.703	43.556
947	40	90	538.947	43.62
948	40	91	544.403	43.427
949	40	92	553.313	39.641
950	40	93	556.325	38.994
951	40	94	559.172	37.547
952	40	95	550.143	39.614
953	40	96	548.591	39.164
954	43	17	469.5	99.637
955	43	18	468.887	99.685
956	43	20	469.567	99.542
957	43	21	468.396	100.593
958	43	22	451.489	99.889
959	43	23	446.189	108.796
960	43	24	452.093	97.774
961	43	25	454.58	94.958
962	43	26	443.925	112.727
963	43	27	439.151	121.398
964	43	28	438.115	124.149
965	43	29	435.019	127.473
966	43	30	430.963	132.195
967	43	31	426.413	135.694
968	43	32	423.894	138.064
969	43	33	420.546	140.62
970	43	34	424.539	137.477
971	43	35	433.828	129.956
972	43	36	447.689	112.623
973	43	37	442.313	120.614
974	43	38	446.912	113.795
975	43	39	446.761	111.5
976	43	40	449.541	102.166
977	43	41	443.217	120.499
978	43	42	430.14	132.798
979	43	43	425.68	138.296
980	43	44	424.827	139.38
981	43	45	424.257	140.914
982	43	46	427.707	138.823
983	43	47	435.715	131.67
984	43	48	438.465	131.236
985	43	49	434.226	135.638
986	43	50	429.04	138.966
987	43	51	430.009	140
988	43	52	424.509	143.859
989	43	53	437.077	133.407
990	43	54	440.304	129.36
991	43	55	431.358	138.063
992	43	56	427.57	141.045
993	43	57	438.553	134.575
994	43	58	442.72	129.738
995	43	59	442.063	131.079
996	43	60	445.163	128.581
997	43	61	444.394	128.478
998	43	62	453.549	117.172
999	43	63	457.589	114.603
1000	43	64	451.92	119.462
1001	43	65	446.344	125.114
1002	43	66	444.173	126.777
1003	43	67	442.823	128.497
1004	43	68	442.441	131.243
1005	43	69	438.983	133.385
1006	43	70	430.35	139.862
1007	43	71	437.205	131.261
1008	43	72	435.871	135.335
1009	43	73	434.23	133.797
1010	43	74	432.385	133.955
1011	43	75	428.972	142.589
1012	43	76	425.944	138.044
1013	43	77	426.717	137.833
1014	43	78	426.424	136.549
1015	43	79	422.028	142.02
1016	43	80	423.346	138.387
1017	43	81	419.702	142.052
1018	43	82	425.845	134.134
1019	43	83	434.5	124.046
1020	43	84	433.647	126.562
1021	43	85	436.372	123.242
1022	43	86	439.987	141.065
1023	43	87	444.426	136.126
1024	43	88	447.858	134.414
1025	43	89	438.729	140.409
1026	43	90	428.788	146.38
1027	43	91	424.327	149.825
1028	43	92	430.771	142.979
1029	43	93	429.327	143.47
1030	43	94	433.794	140.884
1031	43	95	436.844	137.972
1032	43	96	442.894	134.284
1033	47	19	488	378.759
1034	47	20	500.431	368.169
1035	47	21	499.321	369.036
1036	47	22	498.78	367.72
1037	47	23	501.112	366.011
1038	47	24	500.819	365.645
1039	47	25	500.835	365.563
1040	47	26	501.239	364.627
1041	47	27	503.089	364.627
1042	47	28	508.413	360.69
1043	47	29	510.07	359.496
1044	47	30	512.175	358.085
1045	47	31	512.334	357.721
1046	47	32	513.149	356.815
1047	47	33	515.834	354.289
1048	47	34	518.385	353.638
1049	47	35	518.218	354.05
1050	47	36	512.215	357.874
1051	47	37	513.554	357.268
1052	47	38	510.298	358.763
1053	47	39	513.051	356.613
1054	47	40	515.662	355.652
1055	47	41	510.042	359.202
1056	47	42	509.881	358.609
1057	47	43	508.577	358.738
1058	47	44	506.372	360.564
1059	57	30	353.358	69.823
1060	57	31	358.131	68.271
1061	57	32	359.061	72.564
1062	57	35	363.602	72.926
1063	57	36	364.373	71.852
1064	57	37	364.437	73.199
1065	57	38	365.65	72.176
1066	57	39	365.822	70.621
1067	57	40	365.922	71.601
1068	57	41	364.91	74.31
1069	57	44	366.165	59.909
1070	57	45	366.073	57.11
1071	57	47	365.828	60.094
1072	57	48	366.597	57.523
1073	57	53	366.734	61.972
1074	57	54	367.119	55.323
1075	57	55	366.611	55.344
1076	57	58	368.151	55.825
1077	57	59	367.904	53.491
1078	57	61	373.521	42.635
1079	57	62	375.45	39.771
1080	57	63	375.003	40.36
1081	57	64	377.908	34.019
1082	57	65	379.324	29.594
1083	57	66	381.013	24.21
1084	57	67	383.108	17.362
1085	57	68	379.832	20.455
1086	57	69	381.147	14.691
1087	57	70	381.688	9.797
1088	57	71	382.85	0
1089	57	72	382.436	6.394
1090	57	73	383.5	0
1091	61	40	137.86	81.223
1092	61	41	131.913	79.703
1093	61	42	138.187	82.342
1094	61	43	131.364	78.481
1095	61	44	130.868	78.627
1096	61	45	127.155	75.894
1097	61	47	137.857	76.223
1098	61	48	129.508	73.73
1099	61	49	120.893	74.873
1100	61	50	127.973	73.266
1101	61	51	120.83	74.725
1102	61	54	125.006	72.393
1103	61	55	118.277	71.955
1104	61	56	118.157	72.222
1105	61	60	116.94	71.104
1106	61	61	114.99	65.53
1107	61	64	110.695	60.239
1108	61	65	109.157	60.587
1109	63	41	367.322	64.15
1110	63	42	365.384	68.761
1111	63	43	364.148	71.752
1112	63	44	363.487	74.737
1113	63	45	364.608	70.414
1114	63	46	363.454	69.292
1115	63	47	363.736	72.528
1116	63	48	363.468	70.513
1117	63	49	363.03	69.187
1118	63	50	363.158	72.56
1119	63	51	364.056	74.133
1120	63	52	364.052	78.768
1121	63	53	365.314	73.934
1122	63	54	364.053	69.882
1123	63	55	364.213	69.882
1124	63	56	363.51	66.173
1125	63	57	362.933	70.242
1126	63	58	362.624	70.978
1127	63	59	364.402	66.994
1128	63	60	364.438	64.18
1129	63	61	364.822	60.957
1130	63	62	365.692	59.018
1131	63	63	365.472	58.946
1132	63	64	365.957	56.588
1133	63	65	366.705	55.973
1134	63	66	367.605	53.704
1135	63	67	367.738	54.151
1136	63	68	369.213	53.399
1137	63	69	370.426	48.799
1138	63	70	372.182	45.559
1139	63	71	372.26	40.575
1140	63	72	374.087	36.08
1141	63	73	373.375	30.593
1142	63	74	374.903	27.877
1143	63	75	376.971	21.31
1144	63	76	379.849	16.24
1145	63	77	380.336	17.097
1146	63	78	382.231	15.51
1147	63	79	383.709	15.589
1148	63	80	383.167	16.751
1149	63	81	380.945	17.602
1150	63	82	380.344	18.605
1151	63	83	380.176	18.332
1152	63	84	380.257	18.18
1153	63	85	379.715	18.591
1154	63	86	380.261	18.484
1155	63	87	380.18	18.684
1156	63	88	379.964	19.288
1157	63	89	380.125	18.937
1158	63	90	379.976	19.146
1159	63	91	380.24	20.098
1160	63	92	380.094	18.427
1161	63	93	379.42	18.577
1162	63	94	378.994	18.682
1163	63	95	378.886	18.145
1164	63	96	378.399	18.337
1165	67	42	534.3	37.05
1166	67	43	534.142	37.078
1167	67	44	536.026	35.001
1168	67	45	534.185	37.828
1169	67	46	533.483	38.103
1170	67	47	533.417	39.081
1171	67	51	530.381	35.303
1172	67	52	531.671	34.596
1173	67	53	531.969	31.902
1174	67	56	531.421	34.334
1175	67	57	532.078	32.717
1176	67	58	530.586	33.154
1177	67	59	531.312	32.524
1178	67	60	532.221	30.372
1179	67	61	534.148	30.529
1180	67	62	533.26	34.708
1181	67	63	533.4	37.987
1182	67	64	533.143	38.267
1183	67	65	533.471	40.234
1184	67	66	534.066	43.149
1185	67	67	533.387	46.806
1186	67	68	534.299	51.193
1187	67	69	533.093	54.01
1188	67	70	534.427	54.217
1189	67	71	534.95	52.65
1190	67	72	535.808	48.2
1191	67	73	537.389	45.433
1192	67	74	539.086	37.205
1193	67	75	542.305	30.217
1194	67	76	541.474	26.283
1195	67	79	538.42	23.176
1196	67	80	537.565	23.263
1197	67	81	538.899	22.207
1198	67	82	536.891	23.627
1199	67	83	539.268	22.503
1200	67	84	538.695	22.829
1201	67	85	538.376	23.057
1202	67	86	539.342	22.405
1203	67	87	543.225	20.28
1204	67	88	542.024	21.532
1205	67	89	542.417	22.078
1206	67	90	542.331	21.164
1207	67	91	544.127	21.753
1208	67	92	543.334	19.354
1209	67	93	544.705	18.053
1210	67	94	541.643	17.812
1211	67	95	542.039	17.639
1212	67	96	547.699	16.113
1213	77	53	664.95	375.05
1214	77	54	664.95	371.15
1215	77	55	664.95	367.25
1216	77	56	664.95	360.1
1217	77	57	664.95	356.2
1218	77	58	664.95	352.3
1219	77	59	664.95	349.05
1220	77	60	664.95	345.8
1221	77	61	664.95	338
1222	77	62	664.95	332.15
1223	77	63	664.95	328.9
1224	77	64	664.95	325.65
1225	77	65	664.95	321.1
1226	77	66	664.95	310.7
1227	77	67	664.95	306.8
1228	77	68	664.95	306.15
1229	77	69	664.95	300.3
1230	77	70	664.95	293.15
1231	77	71	664.95	288.6
1232	77	72	664.95	280.8
1233	77	73	664.95	276.25
1234	77	74	664.95	269.75
1235	77	75	664.95	265.85
1236	77	76	664.95	259.35
1237	77	77	664.95	256.1
1238	77	78	664.95	250.25
1239	77	79	664.95	243.75
1240	77	80	664.95	239.85
1241	77	81	664.95	236.6
1242	77	82	664.95	233.35
1243	77	83	664.95	231.4
1244	77	84	664.95	228.15
1245	81	55	414.613	502.168
1246	81	56	416.985	500.554
1247	81	57	417.687	500.596
1248	81	58	419.145	501.358
1249	81	59	419.372	501.85
1250	81	60	420.353	502.096
1251	81	61	422.694	502.858
1252	81	62	420.354	504.189
1253	81	63	419.059	505.643
1254	81	64	420.518	504.369
1255	81	65	419.48	504.734
1256	81	66	421.911	501.808
1257	81	67	424.942	502.191
1258	81	68	423.821	502.541
1259	81	69	423.911	502.807
1260	81	70	422.319	501.893
1261	81	71	422.666	501.077
1262	81	72	423.255	501.59
1263	81	73	423.041	499.779
1264	81	74	422.788	497.809
1265	81	75	424.005	496.236
1266	81	76	425.04	495.064
1267	81	77	423.462	495.993
1268	81	78	419.888	490.937
1269	81	79	414.915	488.916
1270	81	80	416.222	488.516
1271	81	81	423.084	490.063
1272	81	82	427.299	491.852
1273	81	83	424.968	490.202
1274	81	84	421.108	489.082
1275	81	85	418.811	489.91
1276	81	86	421.984	490.066
1277	81	87	423.866	488.801
1278	81	88	420.622	490.064
1279	81	89	409.523	491.779
1280	81	90	415.372	489.493
1281	81	91	421.393	487.813
1282	81	92	417.531	486.081
1283	81	93	423.195	483.071
1284	81	94	417.766	484.588
1285	81	95	421.143	483.999
1286	81	96	423.726	479.896
1287	82	57	488.531	34.621
1288	82	58	486.108	27.836
1289	82	59	485.917	27.815
1290	82	60	486.373	27.303
1291	82	61	488.868	33.61
1292	82	62	482.94	22.301
1293	82	63	484.659	24.459
1294	82	64	481.682	15.365
1295	82	65	480.875	14.581
1296	82	66	480.366	14.124
1297	82	67	479.099	11.089
1298	82	68	478.464	10.218
1299	82	69	477.61	7.337
1300	82	70	478.88	8.349
1301	82	71	485.353	18.042
1302	82	72	484.313	15.841
1303	82	76	495.95	0
1304	82	77	498.264	16.455
1305	82	78	501.854	30.568
1306	82	79	502.89	41.299
1307	82	80	503.629	52.96
1308	82	81	503.147	58.179
1309	82	82	501.762	47.362
1310	82	83	503.389	55.627
1311	82	84	502.929	54.823
1312	82	85	503.093	54.931
1313	82	86	503.629	49.728
1314	82	87	503.966	49.832
1315	102	75	438.209	143.584
1316	102	76	437.284	139.271
1317	102	77	438.725	140.673
1318	102	78	440.648	136
1319	102	79	441.829	134.005
1320	102	80	441.55	134.429
1321	102	81	440.491	137.773
1322	102	82	439.457	139.942
1323	102	83	439.58	140.801
1324	102	84	431.763	145.108
1325	102	85	435.646	142.84
1326	102	86	419.043	142.265
1327	102	87	421.61	138.867
1328	102	88	431.358	126.461
1329	102	89	433.425	123.062
1330	102	90	437.673	120.457
1331	102	91	447.301	114.528
1332	102	92	453.398	108.539
1333	102	93	454.954	106.55
1334	102	94	444.605	115.041
1335	102	95	442.038	114.916
1336	102	96	447.303	110.247
