	TRACK_ID	FRAME	POSITION_X	POSITION_Y
0	0	0	648.596	58.533
1	0	1	646.641	56.007
2	0	2	648.8380000000001	57.992
3	0	3	648.06	59.928000000000004
4	0	4	646.919	59.50899999999999
5	0	5	646.4730000000001	54.101000000000006
6	0	6	645.419	53.646
7	0	7	650.7130000000001	71.639
8	0	8	657.824	73.641
9	0	9	661.847	74.183
10	0	10	659.105	75.40899999999999
11	0	11	660.113	73.92699999999999
12	0	12	653.74	69.735
13	0	13	655.052	67.376
14	0	14	655.493	61.992
15	0	15	654.7819999999999	63.842
16	0	16	656.735	60.891000000000005
17	0	17	657.553	59.00899999999999
18	0	18	664.95	53.95
19	0	19	664.95	52.65
20	0	20	664.95	53.3
21	0	21	664.95	51.35
22	0	25	664.95	51.35
23	0	26	664.95	50.7
24	7	0	391.983	239.99400000000003
25	7	1	393.276	242.6
26	7	2	397.11300000000006	248.454
27	7	3	392.73900000000003	247.378
28	7	4	393.845	245.106
29	7	5	396.194	245.30700000000002
30	7	6	394.467	245.426
31	7	7	395.918	243.421
32	7	8	399.723	241.753
33	7	9	394.18800000000005	242.86700000000002
34	7	10	400.73400000000004	242.394
35	7	11	404.843	237.047
36	7	12	404.30300000000005	237.732
37	7	13	407.535	242.13400000000001
38	7	14	405.134	245.889
39	7	15	401.69199999999995	240.852
40	7	16	402.593	241.27
41	7	17	410.62800000000004	239.325
42	7	18	409.592	239.09400000000002
43	7	19	410.38	240.69799999999998
44	7	20	409.189	241.675
45	7	21	408.599	240.52599999999998
46	7	22	410.273	240.43400000000003
47	7	23	405.784	247.688
48	7	24	411.798	241.13299999999998
49	7	25	411.699	241.79
50	7	26	413.32099999999997	241.041
51	7	27	410.515	241.632
52	7	28	408.529	245.269
53	7	29	408.556	245.072
54	7	30	410.38599999999997	241.695
55	7	31	412.36	241.592
56	7	32	414.16	243.438
57	7	33	412.255	242.488
58	7	34	413.394	240.296
59	7	35	413.033	240.14700000000002
60	7	36	412.166	240.084
61	7	37	413.30400000000003	239.519
62	7	38	415.074	239.91
63	7	39	412.43	240.489
64	7	40	412.033	240.76
65	7	41	411.403	239.71099999999998
66	7	42	408.01099999999997	237.81599999999997
67	7	43	409.30400000000003	238.35
68	7	44	405.585	243.511
69	7	45	405.39	242.967
70	7	46	408.181	242.533
71	7	47	409.228	243.206
72	7	48	408.575	241.688
73	7	49	409.974	242.06099999999998
74	7	50	409.27099999999996	240.953
75	7	51	404.39300000000003	246.87
76	7	52	405.168	249.037
77	7	53	404.407	249.352
78	7	54	403.11199999999997	245.298
79	7	55	405.64	246.84900000000002
80	7	56	403.145	246.745
81	7	57	408.718	237.44799999999998
82	7	58	409.11199999999997	233.71900000000002
83	7	61	399.76199999999994	228.032
84	7	62	414.555	229.21099999999998
85	7	63	417.504	228.113
86	7	64	418.70300000000003	228.429
87	7	65	416.66	232.301
88	7	66	414.834	229.96400000000003
89	7	67	415.815	228.13299999999998
90	7	68	414.26099999999997	226.87400000000002
91	7	69	412.591	229.215
92	7	70	416.70300000000003	225.12599999999998
93	7	71	415.954	224.25400000000002
94	7	72	415.404	218.396
95	7	73	413.97	220.704
96	7	74	420.08099999999996	224.21200000000002
97	7	75	421.94300000000004	227.38400000000001
98	7	76	424.30800000000005	220.602
99	7	77	421.18	219.405
100	7	78	419.785	214.923
101	7	79	422.983	220.549
102	7	80	421.73699999999997	216.65400000000002
103	7	81	418.05	219.365
104	7	82	417.51800000000003	218.207
105	7	83	416.546	215.252
106	7	84	418.32599999999996	218.002
107	7	85	416.55400000000003	216.856
108	7	86	416.184	218.43400000000003
109	7	87	418.336	218.507
110	7	88	419.661	216.28799999999998
111	7	89	416.205	221.105
112	7	90	417.06800000000004	221.604
113	7	91	416.716	229.13299999999998
114	7	92	417.151	229.155
115	7	93	419.523	229.452
116	7	94	414.876	228.59400000000002
117	7	95	415.06300000000005	228.11
118	7	96	414.67800000000005	228.19099999999997
119	18	0	233.773	532.802
120	18	1	233.90099999999998	531.346
121	18	2	222.261	527.797
122	18	3	231.59400000000002	513.0319999999999
123	18	4	232.592	515.298
124	18	5	229.278	521.506
125	18	6	228.739	527.815
126	18	7	219.237	519.238
127	18	8	216.918	521.39
128	18	9	215.468	521.536
129	18	10	216.171	518.344
130	18	11	215.638	521.011
131	18	12	216.225	519.628
132	18	13	217.91	520.214
133	18	14	218.775	519.812
134	18	15	218.665	521.238
135	18	16	220.24900000000002	520.6759999999999
136	18	17	218.625	519.428
137	18	18	219.04	522.106
138	18	19	218.81900000000002	522.556
139	18	20	219.27900000000002	524.266
140	18	21	219.388	522.276
141	18	22	218.457	519.9019999999999
142	18	23	219.919	521.385
143	18	24	218.792	522.888
144	18	25	220.02700000000002	522.3009999999999
145	18	26	220.707	523.627
146	18	27	220.22799999999998	519.641
147	18	28	220.106	520.299
148	18	29	221.303	519.271
149	18	30	222.417	518.281
150	18	31	221.74	518.694
151	18	32	221.863	519.0980000000001
152	18	33	221.96400000000003	519.279
153	18	34	221.69	518.937
154	18	35	222.357	518.003
155	18	36	221.822	517.887
156	18	37	221.52599999999998	519.2959999999999
157	18	38	220.78599999999997	519.878
158	18	39	221.595	518.739
159	18	40	222.395	518.617
160	18	41	222.732	519.19
161	18	42	222.43900000000002	517.1759999999999
162	18	43	224.173	515.555
163	18	44	222.66400000000002	516.573
164	18	45	220.919	518.2919999999999
165	18	46	220.84400000000002	518.649
166	18	47	220.31099999999998	520.564
167	18	48	221.551	520.219
168	18	49	221.453	520.248
169	18	50	222.041	519.528
170	18	51	223.65900000000002	514.67
171	18	52	224.07	514.415
172	18	53	222.93400000000003	515.3009999999999
173	18	54	224.00900000000001	514.637
174	18	55	224.298	516.66
175	18	56	224.94099999999997	516.3580000000001
176	18	57	224.585	516.817
177	18	58	223.581	516.064
178	18	59	223.725	517.447
179	18	60	223.325	516.476
180	18	61	222.995	517.493
181	18	62	223.93900000000002	518.7819999999999
182	18	63	223.297	516.535
183	18	64	223.745	518.034
184	18	65	223.66	517.913
185	18	66	223.78599999999997	517.264
186	18	67	223.574	517.847
187	18	68	223.72	517.748
188	18	69	223.054	517.9259999999999
189	18	70	222.854	519.684
190	18	71	223.088	519.096
191	18	72	223.02599999999998	518.758
192	18	73	222.89700000000002	519.178
193	18	74	222.537	519.821
194	18	75	222.49099999999999	520.493
195	18	76	222.726	518.825
196	18	77	223.75099999999998	519.697
197	18	78	223.65200000000002	518.127
198	18	79	222.483	518.78
199	18	80	223.168	518.085
200	18	81	221.597	520.049
201	18	82	221.38400000000001	520.633
202	18	83	222.36900000000003	519.6569999999999
203	18	84	224.03799999999998	517.715
204	18	85	222.81900000000002	517.878
205	18	86	223.21200000000002	517.8430000000001
206	18	87	224.405	519.203
207	18	88	223.762	518.943
208	18	89	221.56799999999998	519.535
209	18	90	222.088	519.342
210	18	91	223.99	519.31
211	18	92	222.32	517.689
212	18	93	221.87599999999998	517.7769999999999
213	18	94	221.511	518.3480000000001
214	18	95	222.06599999999997	518.765
215	18	96	222.765	518.039
216	19	0	438.87800000000004	551.311
217	19	1	436.45099999999996	550.871
218	19	2	437.54	553.653
219	19	3	441.63800000000003	555.131
220	19	4	443.751	554.498
221	19	5	446.995	553.3330000000001
222	19	6	441.88199999999995	550.609
223	19	7	444.54	551.1569999999999
224	19	8	437.63	547.894
225	19	9	433.705	545.2230000000001
226	19	10	440.18699999999995	550.062
227	19	11	438.39599999999996	549.418
228	19	12	444.959	552.568
229	19	13	438.444	550.524
230	19	14	441.17900000000003	552.866
231	19	15	451.289	560.347
232	19	16	448.103	562.846
233	19	17	447.164	557.987
234	19	18	448.01199999999994	547.44
235	19	19	450.264	544.987
236	19	20	445.833	542.238
237	19	21	445.023	540.247
238	19	22	435.155	536.216
239	19	23	429.329	532.687
240	19	24	428.74300000000005	534.413
241	19	25	428.587	533.873
242	19	26	429.792	543.712
243	19	27	429.028	543.871
244	19	28	426.85900000000004	543.995
245	19	29	419.149	541.369
246	19	30	420.86	542.2919999999999
247	21	0	28.410999999999998	608.732
248	21	1	29.596999999999998	610.4590000000001
249	21	2	30.963	613.081
250	21	3	30.337	610.7769999999999
251	21	4	26.184	605.181
252	21	5	24.451999999999998	602.077
253	21	6	27.363000000000003	603.991
254	21	7	28.465	603.706
255	21	8	26.915	601.3969999999999
256	21	9	25.781	601.139
257	21	10	24.611	599.659
258	21	11	24.664	598.514
259	21	12	25.035	597.92
260	21	13	25.529	598.519
261	21	14	24.381	589.721
262	21	15	26.155	581.002
263	21	16	28.366	575.776
264	21	17	29.241	573.239
265	21	18	29.862	572.526
266	21	19	28.885	573.561
267	21	20	28.65	573.501
268	21	21	28.238000000000003	574.516
269	21	22	28.162	573.868
270	21	23	27.88	573.57
271	21	24	27.738000000000003	573.476
272	21	25	27.831999999999997	573.319
273	21	26	27.896	573.036
274	21	27	27.784000000000002	573.726
275	21	28	27.688000000000002	573.5459999999999
276	21	29	27.683000000000003	574.295
277	21	30	27.614	574.062
278	21	31	27.52	574.25
279	21	32	27.365	574.4680000000001
280	21	33	27.518	574.036
281	21	34	27.545	574.029
282	21	35	27.579	574.295
283	21	36	27.416999999999998	573.9630000000001
284	21	37	27.724	573.948
285	21	38	27.8	573.957
286	21	39	27.846	573.359
287	21	40	27.866999999999997	573.725
288	21	41	28.298000000000002	573.795
289	21	42	28.564	573.739
290	21	43	28.846	573.452
291	21	44	28.62	573.552
292	21	45	28.759	573.399
293	21	46	28.78	573.565
294	21	47	28.741	573.317
295	21	48	28.656999999999996	573.868
296	21	49	28.925	573.5
297	21	50	29.043000000000003	573.183
298	21	51	29.003	573.164
299	21	52	28.932	573.186
300	21	53	28.983	573.509
301	21	54	29.041	573.095
302	21	55	28.918000000000003	573.047
303	21	56	29.17	573.57
304	21	57	29.358	573.656
305	21	58	29.268	573.698
306	21	59	29.283	573.837
307	21	60	29.581999999999997	573.758
308	21	61	29.369	573.893
309	21	62	29.459	573.851
310	21	63	29.622	573.56
311	21	64	29.476	573.565
312	21	65	29.51	573.8430000000001
313	21	66	29.413	573.533
314	21	67	29.479	573.711
315	21	68	29.618000000000002	573.4259999999999
316	21	69	29.715999999999998	573.371
317	21	70	29.698	573.685
318	21	71	29.815	572.585
319	21	72	29.699	573.184
320	21	73	29.840999999999998	572.9
321	21	74	29.788	573.054
322	21	75	29.811	573.2130000000001
323	21	76	29.781999999999996	572.847
324	21	77	29.7	573.5319999999999
325	21	78	29.956	572.701
326	21	79	29.735	572.9119999999999
327	21	80	29.857	572.71
328	21	81	29.837	572.807
329	21	82	29.714000000000002	572.875
330	21	83	29.921	572.674
331	21	84	29.846999999999998	572.192
332	21	85	29.883000000000003	572.577
333	21	86	29.77	572.648
334	21	87	29.923000000000002	572.621
335	21	88	29.991999999999997	572.648
336	21	89	28.243000000000002	574.5409999999999
337	21	90	26.061999999999998	577.029
338	21	91	26.268	577.059
339	21	92	25.468000000000004	578.3340000000001
340	21	93	23.938000000000002	579.735
341	21	94	23.61	581.117
342	21	95	23.842	580.722
343	21	96	24.47	579.982
344	23	0	653.16	48.971000000000004
345	23	1	654.111	51.826
346	23	2	653.888	55.661
347	23	3	654.736	57.36600000000001
348	23	4	654.153	57.303000000000004
349	23	5	652.67	52.795
350	23	6	652.8290000000001	52.931999999999995
351	23	7	658.863	67.101
352	23	8	664.95	66.3
353	23	9	664.95	72.8
354	23	10	664.95	67.6
355	23	11	664.95	72.15
356	23	12	664.95	67.6
357	23	16	664.95	65.65
358	23	17	664.95	64.35
359	23	19	664.95	61.1
360	23	20	664.95	61.75
361	23	21	664.95	59.8
362	23	23	664.95	61.1
363	23	24	664.95	61.75
364	23	25	664.95	64.35
365	26	6	198.002	107.19
366	26	7	203.53599999999997	108.52
367	26	8	212.646	107.35
368	26	9	213.658	119.838
369	26	10	212.646	126.194
370	26	11	222.188	133.092
371	26	12	228.66299999999998	130.22
372	26	13	221.203	142.131
373	26	14	218.423	153.95600000000002
374	26	15	211.68099999999998	162.59799999999998
375	26	16	212.49400000000003	156.582
376	26	17	212.00099999999998	158.017
377	26	18	202.423	141.04
378	26	19	200.06	137.72
379	26	20	189.94799999999998	128.185
380	26	21	188.34400000000002	130.507
381	26	22	192.757	131.955
382	26	23	200.268	125.786
383	26	24	193.59599999999998	119.277
384	26	25	173.08	111.273
385	26	26	172.09599999999998	103.75
386	26	27	173.82	95.26299999999999
387	26	28	175.072	88.12899999999999
388	26	29	193.363	85.025
389	26	30	197.074	94.04299999999999
390	26	31	198.252	102.413
391	26	32	202.264	98.63799999999999
392	26	33	190.032	100.46
393	26	34	191.195	98.02
394	26	35	198.61900000000003	95.07600000000001
395	26	36	191.683	98.48299999999999
396	26	37	192.31099999999998	98.113
397	26	38	198.575	94.12100000000001
398	26	39	194.16400000000002	97.071
399	26	40	198.43400000000003	93.45299999999999
400	26	41	193.59799999999998	99.141
401	26	42	189.265	104.404
402	26	43	177.796	103.764
403	26	44	180.80700000000002	106.39299999999999
404	26	45	160.664	114.585
405	26	46	148.377	114.634
406	26	47	146.275	114.045
407	26	48	152.917	119.36399999999999
408	29	8	24.329	590.9540000000001
409	29	9	24.505	589.4119999999999
410	29	10	24.651999999999997	587.901
411	29	11	25.046	586.3969999999999
412	29	12	25.714000000000002	586.565
413	29	13	28.552	587.3919999999999
414	29	14	30.685	581.446
415	29	15	33.739000000000004	575.9159999999999
416	29	16	37.58	572.271
417	29	17	39.594	570.826
418	29	18	39.501999999999995	570.5980000000001
419	29	19	39.21	571.3009999999999
420	29	20	40.129	571.004
421	29	21	40.603	571.045
422	29	22	40.905	570.5740000000001
423	29	23	40.989	570.373
424	29	24	41.015	570.44
425	29	25	41.36600000000001	570.395
426	29	26	41.542	570.241
427	29	27	41.526	570.716
428	29	28	41.49100000000001	570.357
429	29	29	41.455	570.737
430	29	30	41.346000000000004	570.467
431	29	31	41.343	570.842
432	29	32	41.258	571.054
433	29	33	41.38399999999999	570.702
434	29	34	41.483000000000004	570.599
435	29	35	41.525	570.899
436	29	36	41.333999999999996	570.614
437	29	37	41.74	570.5
438	29	38	41.845	570.685
439	29	39	41.905	570.001
440	29	40	41.937	570.507
441	29	41	41.788000000000004	570.6419999999999
442	29	42	41.961999999999996	570.306
443	29	43	42.177	570.0880000000001
444	29	44	41.9	570.261
445	29	45	42.128	569.9680000000001
446	29	46	42.097	570.2869999999999
447	29	47	42.071000000000005	570.128
448	29	48	41.966	570.547
449	29	49	42.148	570.3009999999999
450	29	50	42.36600000000001	569.873
451	29	51	42.39	570.039
452	29	52	42.225	570.383
453	29	53	42.347	570.72
454	29	54	42.472	570.369
455	29	55	42.306999999999995	570.482
456	29	56	42.51	570.785
457	29	57	42.626999999999995	570.999
458	29	58	42.567	570.894
459	29	59	42.647	571.0409999999999
460	29	60	42.813	571.112
461	29	61	42.657	571.191
462	29	62	42.773999999999994	571.124
463	29	63	42.913000000000004	570.987
464	29	64	42.81100000000001	571.055
465	29	65	42.81	571.465
466	29	66	42.687	571.363
467	29	67	42.803000000000004	571.3919999999999
468	29	68	42.905	571.015
469	29	69	42.911	571.012
470	29	70	43.02	571.268
471	29	71	43.06	570.368
472	29	72	42.917	570.999
473	29	73	43.118	570.783
474	29	74	42.912	570.895
475	29	75	43.026	570.933
476	29	76	43.037	570.615
477	29	77	42.903999999999996	571.279
478	29	78	43.156000000000006	570.605
479	29	79	42.992	570.788
480	29	80	42.93899999999999	570.766
481	29	81	43.092	570.81
482	29	82	42.842	570.943
483	29	83	43.102	570.783
484	29	84	43.093999999999994	570.2819999999999
485	29	85	43.03	570.685
486	29	86	42.964	570.827
487	29	87	43.13399999999999	570.807
488	29	88	42.99	570.69
489	29	89	41.141000000000005	571.6080000000001
490	29	90	38.36	573.106
491	29	91	38.756	573.201
492	29	92	37.544000000000004	573.32
493	29	93	35.88	574.195
494	29	94	35.024	575.316
495	29	95	35.391999999999996	574.768
496	29	96	36.016999999999996	574.21
497	32	7	638.368	137.469
498	32	8	636.0980000000001	137.107
499	32	9	635.586	131.233
500	32	10	637.02	121.899
501	32	11	637.185	124.904
502	32	12	635.62	130.668
503	32	13	635.261	133.134
504	32	14	634.1030000000001	131.535
505	32	15	628.993	130.966
506	32	16	626.7959999999999	131.03
507	32	17	624.298	133.095
508	32	18	619.067	130.684
509	32	19	616.3530000000001	126.87200000000001
510	32	20	617.3530000000001	120.044
511	32	21	614.6759999999999	120.13600000000001
512	32	22	615.539	117.685
513	32	23	617.817	119.156
514	32	24	617.512	117.896
515	32	25	616.354	115.46600000000001
516	32	26	617.888	117.84100000000001
517	32	27	616.27	119.306
518	32	28	616.491	115.959
519	32	29	617.005	117.55799999999999
520	32	30	617.413	119.11200000000001
521	32	31	616.901	121.51299999999999
522	32	32	615.9630000000001	119.35
523	32	33	616.491	118.329
524	32	34	615.655	117.62899999999999
525	32	35	615.623	118.07700000000001
526	32	36	614.835	117.669
527	32	37	612.605	113.78200000000001
528	32	38	611.955	109.787
529	32	39	610.131	114.059
530	32	40	612.504	115.42
531	32	41	612.336	117.415
532	32	42	612.369	115.42299999999999
533	32	43	611.293	113.759
534	32	44	609.658	113.76799999999999
535	32	45	611.2080000000001	116.154
536	32	46	612.521	117.182
537	32	47	613.857	117.62799999999999
538	32	48	613.851	116.382
539	32	49	613.514	116.113
540	32	50	614.7819999999999	115.835
541	32	51	612.886	119.27
542	32	52	613.161	119.376
543	32	53	612.67	117.735
544	32	54	613.567	116.801
545	32	55	613.65	116.455
546	32	56	614.269	117.24
547	32	57	614.196	118.62100000000001
548	32	58	614.3919999999999	118.295
549	32	59	612.8480000000001	118.50399999999999
550	32	60	613.918	119.265
551	32	61	611.303	118.119
552	32	62	610.984	121.398
553	32	63	610.904	119.656
554	32	64	614.018	120.046
555	32	65	610.794	119.45299999999999
556	32	66	612.935	119.6
557	32	67	613.526	119.404
558	32	68	611.556	119.195
559	32	69	612.8430000000001	120.208
560	32	70	612.136	120.766
561	32	71	614.179	119.462
562	32	72	614.038	120.719
563	32	73	613.692	118.695
564	32	74	612.332	119.681
565	32	75	611.908	125.995
566	32	76	611.39	120.27
567	32	77	611.641	122.491
568	32	78	612.569	121.586
569	32	79	612.932	122.024
570	32	80	613.436	121.417
571	32	81	614.37	122.711
572	32	82	614.033	123.206
573	32	83	615.496	122.809
574	32	84	614.8009999999999	122.43799999999999
575	32	85	615.452	121.26100000000001
576	32	86	615.621	121.11200000000001
577	32	87	616.004	121.74799999999999
578	32	88	613.729	122.887
579	32	89	615.284	122.185
580	32	90	612.773	122.751
581	32	91	612.506	123.963
582	32	92	613.9540000000001	124.197
583	32	93	612.424	126.094
584	32	94	611.007	124.186
585	32	95	609.391	124.67
586	32	96	608.799	123.977
587	37	15	109.81299999999999	458.97900000000004
588	37	16	98.197	457.409
589	37	17	103.52799999999999	454.621
590	37	18	111.04299999999999	451.306
591	37	19	115.444	460.846
592	37	20	113.89399999999999	459.42
593	37	21	117.89299999999999	450.213
594	37	22	125.016	455.57599999999996
595	37	23	137.775	457.648
596	37	24	129.886	444.564
597	37	25	127.245	439.342
598	37	26	128.626	432.97
599	37	27	123.52600000000001	420.251
600	37	28	121.42	413.971
601	37	29	125.834	408.48699999999997
602	37	30	126.905	405.731
603	37	31	124.213	398.36400000000003
604	37	32	126.34	399.907
605	37	33	129.471	402.385
606	37	34	139.13	390.874
607	37	35	141.862	392.861
608	37	36	138.203	391.314
609	37	37	135.411	388.205
610	37	38	135.469	378.144
611	37	39	141.09799999999998	374.81300000000005
612	37	40	145.054	371.731
613	37	41	147.374	368.82099999999997
614	37	42	156.955	353.654
615	37	43	149.056	353.098
616	37	44	155.864	356.221
617	37	45	154.464	354.12300000000005
618	37	46	166.80200000000002	341.591
619	37	47	177.055	337.315
620	37	48	176.15900000000002	332.54
621	37	49	171.475	327.723
622	37	50	171.738	336.023
623	37	51	164.97	337.653
624	37	52	162.047	334.985
625	37	53	171.847	334.61199999999997
626	37	54	171.262	340.353
627	37	55	176.146	345.519
628	37	56	185.748	346.351
629	37	57	187.304	350.57099999999997
630	37	58	186.956	350.874
631	37	59	185.08700000000002	341.603
632	37	60	189.532	343.908
633	37	61	197.81599999999997	347.746
634	40	19	0.0	630.5
635	40	20	0.0	629.85
636	40	21	0.0	633.1
637	40	22	5.024	633.384
638	40	23	9.2	637.1669999999999
639	40	24	15.003	631.547
640	40	25	18.417	626.493
641	40	26	15.708	630.341
642	40	27	19.977999999999998	630.028
643	40	28	18.404	631.6
644	40	29	19.195	631.585
645	40	30	15.100999999999999	629.132
646	40	31	9.441	628.009
647	40	32	5.926	617.328
648	40	33	3.891	616.159
649	40	34	6.587999999999999	619.293
650	40	35	5.68	619.0269999999999
651	40	36	5.68	622.5740000000001
652	40	37	15.023	625.6709999999999
653	40	38	17.775	618.27
654	40	39	19.609	619.54
655	40	40	23.074	611.453
656	40	41	26.023000000000003	609.229
657	40	42	16.102	602.5269999999999
658	40	43	18.452	603.899
659	40	44	12.685	600.985
660	40	45	11.116	599.349
661	40	46	6.977	607.9159999999999
662	40	47	8.137	600.096
663	40	48	8.113999999999999	598.581
664	40	49	0.0	598.0
665	40	50	0.0	603.2
666	43	22	305.512	487.465
667	43	23	296.63	482.341
668	43	24	297.41700000000003	482.11400000000003
669	43	25	299.699	478.751
670	43	26	303.888	479.815
671	43	27	304.56	478.85900000000004
672	43	28	306.693	480.961
673	43	29	312.6	485.441
674	43	30	303.624	481.486
675	43	31	306.166	489.147
676	43	32	312.336	495.35400000000004
677	43	33	294.611	504.284
678	43	34	284.16900000000004	507.44199999999995
679	43	35	295.29400000000004	501.55800000000005
680	43	36	291.493	499.849
681	43	37	292.671	497.656
682	43	38	291.068	500.255
683	43	39	285.24	493.394
684	43	40	282.678	489.25300000000004
685	43	41	275.445	489.991
686	43	42	274.406	483.26800000000003
687	43	43	273.815	487.213
688	43	44	273.617	493.80199999999996
689	43	45	273.942	488.54900000000004
690	43	46	275.154	491.67699999999996
691	43	47	276.20099999999996	491.35699999999997
692	43	48	275.491	489.72
693	43	49	276.08299999999997	491.98400000000004
694	43	50	270.22700000000003	490.667
695	43	51	266.74	496.635
696	43	52	268.82	498.314
697	43	53	266.832	501.26800000000003
698	43	54	270.686	501.395
699	43	55	268.48400000000004	499.798
700	43	56	271.33	499.13599999999997
701	43	57	268.132	499.62699999999995
702	43	58	268.209	505.289
703	43	59	266.221	507.202
704	43	60	263.502	507.749
705	43	61	264.408	508.077
706	43	62	266.191	511.23400000000004
707	43	63	269.93	509.61
708	43	64	265.209	507.524
709	43	65	266.254	507.914
710	43	66	269.068	508.244
711	43	67	264.824	507.889
712	43	68	265.776	509.434
713	43	69	266.23	508.454
714	43	70	264.75	507.218
715	43	71	265.938	505.375
716	43	72	263.13	505.14300000000003
717	43	73	263.073	507.546
718	43	74	263.387	508.92900000000003
719	43	75	264.743	512.504
720	43	76	267.381	509.68199999999996
721	43	77	266.04200000000003	510.787
722	43	78	261.805	506.435
723	43	79	266.1	508.815
724	43	80	268.156	516.739
725	43	81	265.254	507.789
726	43	82	265.173	513.349
727	43	83	262.985	505.635
728	43	84	250.078	508.074
729	43	85	255.05700000000002	506.43199999999996
730	43	86	257.06	508.24699999999996
731	43	87	257.05	504.435
732	43	88	255.09099999999998	500.68800000000005
733	43	89	250.28	495.86
734	43	90	251.21099999999998	497.95099999999996
735	43	91	253.611	497.847
736	43	92	245.548	492.47900000000004
737	43	93	241.985	499.903
738	43	94	241.481	503.45599999999996
739	43	95	235.602	498.789
740	43	96	237.58700000000002	498.76599999999996
741	47	32	397.914	252.477
742	47	33	396.392	245.205
743	47	34	400.346	245.733
744	47	35	399.12800000000004	246.605
745	47	36	396.371	239.386
746	47	37	399.324	244.291
747	47	38	399.374	243.199
748	47	39	396.496	240.862
749	47	40	395.92	241.47400000000002
750	47	41	398.564	244.205
751	47	42	394.36300000000006	242.606
752	47	43	392.79400000000004	240.873
753	47	44	393.121	240.457
754	47	45	391.32300000000004	250.537
755	47	46	393.038	249.46900000000002
756	47	47	394.032	248.58599999999998
757	47	48	393.006	247.21900000000002
758	47	49	393.525	246.68900000000002
759	47	50	393.546	243.227
760	47	51	389.86	254.78099999999998
761	47	52	390.19800000000004	254.58700000000002
762	47	53	393.55	262.143
763	47	54	392.73	257.617
764	47	55	396.82	261.301
765	47	56	399.45099999999996	263.366
766	47	57	401.519	249.696
767	47	58	401.089	247.155
768	47	59	398.8	240.976
769	47	60	397.13800000000003	243.301
770	47	61	399.349	236.69
771	53	45	371.11300000000006	493.452
772	53	46	372.978	489.716
773	53	47	379.32599999999996	496.532
774	53	48	382.218	520.847
775	53	49	386.37	527.677
776	53	50	389.95300000000003	535.96
777	53	51	395.48400000000004	530.203
778	53	52	403.599	531.771
779	53	53	386.204	538.444
780	53	54	394.159	532.839
781	53	55	396.97900000000004	532.572
782	53	56	391.77099999999996	531.789
783	53	57	395.788	533.577
784	53	58	392.99	533.1
785	53	59	396.31800000000004	532.715
786	53	60	391.04	533.876
787	53	61	381.287	533.992
788	53	62	374.105	529.309
789	53	63	364.31199999999995	551.785
790	53	64	373.532	532.842
791	53	65	375.899	535.424
792	53	66	378.76800000000003	532.503
793	53	67	370.74699999999996	529.374
794	53	68	382.23699999999997	524.933
795	53	69	378.619	517.533
796	53	70	371.204	516.024
797	56	56	5.22	600.3580000000001
798	56	57	14.72	610.063
799	56	58	14.314	609.975
800	56	59	13.681	612.38
801	56	60	5.768	606.4540000000001
802	56	61	0.0	615.55
803	56	65	0.0	620.1
804	56	66	0.0	616.85
805	56	67	4.927	616.0219999999999
806	56	68	19.453	620.6619999999999
807	56	69	37.205999999999996	622.268
808	56	70	41.887	621.775
809	56	71	42.238	620.855
810	56	72	47.193000000000005	620.867
811	56	73	46.468999999999994	625.622
812	56	74	48.968999999999994	622.636
813	56	75	47.731	627.783
814	56	76	47.059	625.613
815	56	77	52.506	634.692
816	56	78	37.084	633.59
817	56	79	35.585	630.134
818	56	80	35.88	634.42
819	56	81	35.264	630.175
820	56	82	40.854	628.7330000000001
821	56	83	36.493	627.864
822	56	84	33.549	622.477
823	56	85	37.922	628.263
824	56	86	40.282	630.58
825	56	87	44.802	632.887
826	56	88	43.295	634.393
827	56	89	49.523999999999994	633.191
828	56	90	53.36	629.466
829	56	91	54.7	628.035
830	56	92	47.423	627.009
831	56	93	46.208	627.896
832	56	94	46.537	628.451
833	56	95	44.427	620.6569999999999
834	56	96	49.099	615.9590000000001
835	59	62	94.221	130.12
836	59	63	93.318	118.397
837	59	64	96.706	121.704
838	59	65	93.729	119.446
839	59	66	91.04	120.2
840	59	67	100.471	126.124
841	59	68	104.021	134.595
842	59	69	93.738	144.04399999999998
843	59	70	95.583	134.765
844	59	71	97.37700000000001	145.727
845	59	72	99.637	140.153
846	59	73	104.022	148.325
847	59	74	110.235	156.579
848	59	75	105.946	152.70600000000002
849	59	76	101.836	145.875
850	59	77	100.809	136.096
851	59	78	95.803	139.235
852	59	79	91.25200000000001	151.28799999999998
853	59	80	89.84200000000001	148.412
854	59	81	82.868	152.045
855	59	82	88.515	146.77100000000002
856	59	83	89.486	137.543
857	59	84	90.29899999999999	141.72799999999998
858	59	85	90.189	144.433
859	59	86	81.188	149.412
860	59	87	90.01100000000001	151.148
861	59	88	87.81200000000001	158.018
862	59	89	86.584	155.007
863	59	90	84.084	153.826
864	59	91	91.169	154.731
865	59	92	90.304	153.618
866	59	93	85.57700000000001	153.72799999999998
867	59	94	94.39299999999999	157.092
868	59	95	87.4	152.77100000000002
869	59	96	85.04299999999999	157.69299999999998
