	TRACK_ID	FRAME	POSITION_X	POSITION_Y
0	1	0	349.10699999999997	115.321
1	1	1	347.157	116.656
2	1	2	349.93300000000005	106.818
3	1	3	350.719	105.277
4	1	4	353.219	103.35
5	1	5	356.93	104.375
6	1	6	355.957	106.52
7	1	7	358.04	106.865
8	1	8	361.894	105.23
9	1	9	366.652	104.98
10	1	10	367.099	106.557
11	1	11	368.436	105.705
12	1	12	370.722	106.11
13	1	13	373.176	108.404
14	1	14	375.569	114.95700000000001
15	1	15	376.41	118.459
16	1	16	376.793	121.588
17	1	17	379.79699999999997	121.071
18	1	18	382.985	120.13600000000001
19	1	19	384.99699999999996	117.51700000000001
20	1	20	384.767	115.199
21	1	21	386.06199999999995	116.934
22	1	22	388.426	117.98299999999999
23	1	23	391.11699999999996	120.089
24	1	24	393.158	123.595
25	1	25	399.68800000000005	130.472
26	1	26	404.792	136.315
27	1	27	409.314	143.029
28	1	28	409.291	148.63
29	1	29	410.089	151.876
30	1	30	415.05	154.958
31	1	31	417.17	156.752
32	1	32	418.05199999999996	159.85299999999998
33	1	33	419.846	159.123
34	1	34	422.56199999999995	158.18200000000002
35	1	35	425.705	155.19
36	1	36	426.06	153.21
37	1	37	423.041	154.93200000000002
38	1	38	424.82	153.593
39	1	39	421.288	157.62
40	1	40	429.645	153.547
41	1	41	431.593	153.205
42	1	42	431.64099999999996	155.401
43	1	43	434.19199999999995	153.41899999999998
44	1	44	435.343	153.26
45	1	45	432.329	156.486
46	1	46	428.704	158.834
47	1	47	428.409	160.05700000000002
48	1	48	424.517	161.649
49	1	49	419.881	165.665
50	1	50	420.907	166.07
51	1	51	421.839	165.095
52	1	52	419.369	169.403
53	1	53	422.722	163.476
54	1	54	421.338	164.458
55	1	55	424.17800000000005	163.761
56	1	56	426.309	163.421
57	1	57	426.131	164.46099999999998
58	1	58	430.24199999999996	161.424
59	1	59	427.3	159.701
60	1	60	426.68699999999995	158.783
61	1	61	424.94300000000004	157.41899999999998
62	1	62	422.351	155.398
63	1	63	421.022	157.422
64	1	64	418.161	160.11
65	1	65	420.181	161.13299999999998
66	1	66	417.23699999999997	160.697
67	1	67	415.881	160.039
68	1	68	415.835	159.25
69	1	69	414.29	158.805
70	1	70	414.542	160.711
71	1	71	412.785	158.511
72	1	72	414.75699999999995	160.17
73	1	73	413.54900000000004	155.631
74	1	74	413.397	156.81799999999998
75	1	75	413.80699999999996	155.474
76	1	76	414.334	154.06799999999998
77	1	77	414.173	155.821
78	1	78	412.41900000000004	152.346
79	1	79	410.68300000000005	154.779
80	1	83	405.685	153.21200000000002
81	1	84	402.936	149.901
82	1	85	400.514	148.93
83	1	86	394.4	143.76
84	3	0	499.11699999999996	140.326
85	3	1	491.566	150.884
86	3	2	485.462	150.765
87	3	3	482.74199999999996	157.195
88	3	4	485.855	153.922
89	3	5	497.079	136.405
90	3	6	501.94599999999997	127.62
91	3	7	500.07800000000003	135.286
92	3	8	498.85900000000004	132.905
93	3	9	496.95599999999996	139.187
94	3	10	499.18699999999995	141.514
95	3	11	496.024	129.262
96	3	12	495.87300000000005	143.178
97	3	13	497.866	146.263
98	3	14	496.75699999999995	148.56
99	3	15	498.694	136.368
100	3	16	495.62300000000005	145.342
101	3	17	496.435	138.518
102	3	18	492.839	147.24200000000002
103	3	19	493.042	140.132
104	3	20	490.342	146.499
105	3	21	487.329	156.374
106	3	22	482.985	159.74200000000002
107	3	23	479.642	161.945
108	3	24	477.537	163.292
109	3	25	474.14	171.87400000000002
110	3	26	471.00699999999995	177.581
111	3	27	470.409	181.67
112	3	28	469.226	181.887
113	3	29	468.80300000000005	191.253
114	3	30	466.102	191.382
115	3	31	464.55400000000003	187.162
116	3	32	464.727	192.773
117	3	33	464.974	207.855
118	3	34	463.702	210.12099999999998
119	3	35	460.98199999999997	207.03599999999997
120	3	36	460.98800000000006	210.983
121	3	37	456.42	208.142
122	3	38	455.653	206.90900000000002
123	3	39	459.98699999999997	216.864
124	3	40	452.097	204.78
125	3	41	451.885	208.299
126	3	42	455.786	217.815
127	3	43	445.983	207.238
128	3	44	449.25199999999995	213.669
129	3	45	451.19300000000004	217.908
130	3	46	440.95	201.61
131	3	47	440.32300000000004	204.78799999999998
132	3	48	436.07300000000004	203.71099999999998
133	3	49	437.591	206.567
134	3	50	433.25	200.817
135	3	51	437.162	209.543
136	3	52	441.961	218.99200000000002
137	3	53	441.899	217.96599999999998
138	3	54	440.079	213.83900000000003
139	3	55	447.60699999999997	227.08700000000002
140	3	56	446.17	219.75799999999998
141	3	57	449.466	226.36599999999999
142	3	58	443.565	219.532
143	3	59	446.23699999999997	225.56400000000002
144	3	60	448.23400000000004	228.968
145	3	61	444.88599999999997	234.23
146	3	62	443.06300000000005	234.729
147	3	63	444.23800000000006	237.127
148	3	64	444.08	241.25
149	3	65	444.222	239.795
150	3	66	447.284	240.354
151	3	67	443.195	242.322
152	3	68	443.849	243.143
153	3	69	447.31199999999995	241.424
154	3	70	441.94199999999995	244.079
155	3	71	440.25800000000004	246.017
156	3	72	447.10699999999997	242.49
157	3	73	445.92400000000004	243.81900000000002
158	3	74	442.13300000000004	248.058
159	3	75	448.959	244.642
160	3	76	445.264	253.75599999999997
161	3	77	449.772	250.61700000000002
162	3	78	452.68199999999996	245.657
163	3	79	450.379	252.868
164	3	80	449.39300000000003	252.389
165	3	81	453.92699999999996	247.514
166	3	82	454.843	253.46900000000002
167	3	83	455.235	255.157
168	3	84	454.88800000000003	255.033
169	3	85	454.02	250.354
170	3	86	456.444	253.188
171	3	87	460.765	255.13400000000001
172	3	88	459.971	255.297
173	3	89	455.87199999999996	254.331
174	3	90	461.03	257.501
175	3	91	467.41900000000004	258.622
176	3	92	462.675	255.33599999999998
177	3	93	472.355	257.154
178	3	94	471.745	258.436
179	3	95	465.505	252.94799999999998
180	3	96	467.539	254.298
181	7	0	410.656	181.804
182	7	1	410.47	181.968
183	7	2	409.05199999999996	178.622
184	7	3	409.30300000000005	179.356
185	7	4	409.983	176.69299999999998
186	7	5	409.702	177.201
187	7	6	409.92800000000005	180.752
188	7	7	410.135	182.771
189	7	8	410.941	186.403
190	7	9	410.00699999999995	191.05599999999998
191	7	10	409.64	194.92
192	7	11	409.48199999999997	200.833
193	7	12	409.32599999999996	203.582
194	7	13	410.05400000000003	206.91400000000002
195	7	14	412.08	210.429
196	7	15	411.647	213.62400000000002
197	7	16	411.045	215.00099999999998
198	7	17	411.81	217.213
199	7	18	411.80800000000005	216.93
200	7	19	410.577	218.334
201	7	20	410.45599999999996	218.91
202	7	21	409.38	221.269
203	7	22	410.287	220.105
204	7	23	410.44800000000004	218.71099999999998
205	7	25	410.265	219.94099999999997
206	7	26	410.87699999999995	219.84900000000002
207	7	27	410.19	220.47299999999998
208	7	28	410.68800000000005	220.477
209	7	29	410.103	222.9
210	7	30	409.74	221.545
211	7	31	410.154	221.732
212	7	32	409.856	222.797
213	7	33	409.82099999999997	221.46099999999998
214	7	34	410.089	224.84
215	7	37	409.465	227.257
216	7	38	408.34	231.003
217	7	39	408.415	231.765
218	7	40	407.759	233.56400000000002
219	7	41	407.51599999999996	232.46400000000003
220	7	42	408.048	232.162
221	15	0	337.676	544.86
222	15	1	340.481	542.342
223	15	2	340.041	534.533
224	15	3	342.01300000000003	534.321
225	15	4	343.67800000000005	531.376
226	15	5	342.87	529.925
227	15	6	342.94699999999995	531.462
228	15	7	344.356	527.6469999999999
229	15	8	344.056	526.643
230	15	9	345.517	524.4490000000001
231	15	10	344.72	523.851
232	15	11	344.999	523.955
233	15	12	345.295	522.286
234	15	13	345.515	524.9730000000001
235	15	14	347.13800000000003	529.734
236	15	15	348.194	531.513
237	15	16	347.673	530.501
238	15	17	349.728	529.98
239	15	18	351.45	528.344
240	15	19	354.82	526.1569999999999
241	15	20	358.69	524.315
242	15	21	361.855	524.029
243	15	22	364.995	519.139
244	15	23	364.76199999999994	518.599
245	15	24	367.10699999999997	517.059
246	15	25	367.134	515.896
247	15	26	370.00300000000004	516.193
248	15	27	371.87300000000005	514.913
249	15	28	372.88300000000004	510.19199999999995
250	15	29	376.485	509.551
251	15	30	378.283	509.89099999999996
252	15	31	379.97900000000004	509.881
253	15	32	380.506	512.86
254	15	33	381.94	510.774
255	15	34	383.662	513.389
256	15	35	385.54400000000004	513.39
257	15	36	388.635	516.73
258	15	37	392.339	516.187
259	15	38	392.968	515.874
260	15	39	392.027	515.887
261	15	40	396.282	518.281
262	15	41	396.64099999999996	516.852
263	15	42	397.689	513.737
264	15	43	400.233	514.038
265	15	44	401.782	514.624
266	15	45	402.42900000000003	514.1080000000001
267	15	46	406.103	515.256
268	15	47	406.788	513.369
269	15	48	407.43800000000005	511.44800000000004
270	15	49	409.619	508.523
271	15	50	409.582	508.43199999999996
272	15	51	411.3	508.334
273	15	52	411.77	509.12300000000005
274	15	53	411.895	507.369
275	15	54	410.75	508.691
276	15	55	406.51199999999994	509.74800000000005
277	15	56	407.097	510.906
278	15	57	405.775	511.256
279	15	58	403.46	510.54400000000004
280	15	59	403.316	512.63
281	15	60	401.964	511.306
282	15	61	400.00300000000004	514.077
283	15	62	397.57199999999995	511.619
284	15	63	399.06699999999995	516.281
285	15	64	401.227	515.961
286	15	65	402.314	516.601
287	15	66	397.235	507.53
288	15	67	394.901	501.945
289	15	68	400.23800000000006	513.7819999999999
290	15	69	392.13699999999994	496.69199999999995
291	15	70	401.92199999999997	515.06
292	15	71	397.76800000000003	508.02
293	15	72	401.264	517.073
294	15	73	400.977	513.638
295	15	74	391.67	495.532
296	15	75	400.61400000000003	518.82
297	15	76	399.779	514.4069999999999
298	15	77	396.153	509.07800000000003
299	15	78	400.653	519.021
300	15	79	397.71	510.04699999999997
301	15	80	392.70599999999996	499.477
302	15	81	395.31300000000005	506.31800000000004
303	15	82	393.962	509.332
304	15	83	395.69	509.095
305	15	84	404.465	529.996
306	15	85	398.286	515.776
307	15	86	404.976	536.378
308	15	87	404.88800000000003	533.156
309	15	88	400.35699999999997	519.531
310	15	89	402.352	523.2330000000001
311	15	90	409.19199999999995	538.814
312	15	91	400.587	523.962
313	15	92	410.027	540.244
314	16	0	309.935	580.712
315	16	1	309.45799999999997	584.01
316	16	2	307.823	579.251
317	16	3	308.46	582.631
318	16	4	308.634	579.756
319	16	5	309.223	582.127
320	16	6	308.035	580.813
321	16	7	309.441	583.346
322	16	8	309.098	581.868
323	16	9	309.08099999999996	578.998
324	16	10	309.678	582.504
325	16	11	309.346	580.475
326	16	12	309.381	581.195
327	16	13	310.275	583.695
328	16	14	311.978	591.538
329	16	15	312.835	594.637
330	16	16	312.723	595.553
331	16	17	313.962	597.4069999999999
332	16	18	313.075	599.569
333	16	19	313.597	601.555
334	16	20	312.968	603.498
335	16	21	312.52	602.562
336	16	22	311.52299999999997	601.212
337	16	23	311.754	602.178
338	16	24	311.841	604.826
339	16	25	313.075	606.888
340	16	26	312.866	606.9680000000001
341	16	27	313.012	609.851
342	16	28	312.665	614.107
343	16	29	312.468	612.65
344	16	30	312.363	613.649
345	16	31	312.997	613.393
346	16	32	313.83	613.7230000000001
347	16	33	312.824	609.661
348	16	34	313.657	617.701
349	16	35	313.824	617.726
350	16	36	314.117	617.587
351	16	37	313.703	621.305
352	16	38	314.05400000000003	620.549
353	16	39	314.13	621.07
354	16	40	314.099	625.456
355	16	41	314.44	623.673
356	16	42	314.365	622.422
357	16	43	315.32	620.27
358	16	44	314.639	620.635
359	16	45	315.16900000000004	615.349
360	16	46	315.155	613.063
361	16	47	316.755	608.804
362	16	48	315.953	607.264
363	16	49	316.069	604.9019999999999
364	16	50	316.44599999999997	602.995
365	16	51	316.508	602.628
366	16	52	316.445	605.156
367	16	53	316.927	605.6
368	16	54	316.555	605.22
369	16	55	316.629	603.089
370	16	56	317.317	599.326
371	16	57	316.79900000000004	597.975
372	16	58	317.475	598.17
373	16	59	317.093	595.898
374	16	60	316.698	595.271
375	16	61	317.63	595.061
376	16	62	317.156	594.37
377	16	63	316.996	593.3919999999999
378	16	64	318.05	591.529
379	16	65	317.204	593.2
380	16	66	317.952	591.154
381	16	67	317.743	589.757
382	16	68	317.751	593.238
383	16	69	316.944	591.6030000000001
384	16	70	316.927	592.236
385	16	71	317.209	595.932
386	16	72	317.286	592.831
387	16	73	317.356	591.331
388	16	74	317.259	596.7330000000001
389	16	75	318.425	592.03
390	16	76	318.024	590.389
391	16	77	318.145	590.507
392	16	78	317.907	588.979
393	16	79	318.507	588.7230000000001
394	16	80	317.63599999999997	589.533
395	16	81	317.97	589.644
396	16	82	318.74	596.725
397	16	83	317.45	595.66
398	16	84	318.381	592.669
399	16	85	318.187	594.779
400	16	86	318.211	596.007
401	16	87	318.191	594.259
402	16	88	318.309	596.351
403	16	89	318.42	593.4209999999999
404	16	90	318.172	595.614
405	16	91	318.49	597.908
406	16	92	318.534	595.6669999999999
407	16	93	318.131	596.1419999999999
408	16	94	318.028	594.086
409	16	95	318.209	595.0409999999999
410	16	96	316.512	599.475
411	17	0	528.535	21.633000000000003
412	17	1	531.327	18.609
413	17	2	530.034	10.547
414	17	3	526.972	13.982999999999999
415	17	4	522.719	16.029
416	17	5	520.962	16.799
417	17	6	514.729	20.918000000000003
418	17	7	509.865	24.901
419	17	8	506.787	27.759
420	17	9	502.403	31.655
421	17	10	501.809	32.167
422	17	11	496.625	39.819
423	17	12	492.501	44.16
424	17	13	485.542	49.623999999999995
425	17	14	479.04400000000004	58.416000000000004
426	17	15	477.559	62.873000000000005
427	17	16	474.017	65.304
428	17	17	467.45099999999996	71.211
429	17	18	464.289	71.383
430	17	19	456.76800000000003	75.92699999999999
431	17	20	454.035	77.181
432	17	21	451.548	77.49600000000001
433	17	22	457.709	72.431
434	17	23	471.98900000000003	64.61
435	17	24	475.68	63.303000000000004
436	17	25	483.212	63.145
437	17	26	486.811	58.06399999999999
438	17	27	483.68800000000005	60.618
439	17	28	485.546	61.236000000000004
440	17	30	499.339	45.997
441	17	31	499.595	43.967
442	17	32	500.58099999999996	41.382
443	17	33	497.51800000000003	44.418
444	17	34	497.074	45.163999999999994
445	17	35	497.287	41.224
446	17	36	500.43199999999996	40.285
447	17	37	500.844	38.123000000000005
448	17	38	500.61	37.939
449	17	39	500.208	37.217
450	17	40	498.49	35.424
451	17	41	503.51199999999994	46.602
452	17	42	502.18699999999995	36.455999999999996
453	17	43	503.85400000000004	38.94
454	17	44	505.181	41.832
455	17	45	506.499	48.748999999999995
456	17	46	508.70599999999996	56.541000000000004
457	17	47	505.22	39.575
458	17	48	505.852	45.364
459	17	49	506.911	51.65
460	17	50	508.42199999999997	52.626999999999995
461	17	51	509.91	67.007
462	17	52	509.786	71.822
463	17	53	509.483	68.023
464	17	54	507.681	57.498000000000005
465	17	55	506.626	46.028999999999996
466	17	56	504.49300000000005	27.625999999999998
467	17	57	500.681	16.352999999999998
468	17	58	497.30300000000005	8.257
469	17	59	496.35	6.047999999999999
470	17	60	496.712	8.835
471	17	61	492.7	0.0
472	17	66	499.37800000000004	17.768
473	17	67	502.64099999999996	31.115
474	17	68	502.93699999999995	38.376999999999995
475	17	69	501.215	30.339000000000002
476	17	70	498.015	16.429000000000002
477	17	71	494.806	4.96
478	17	72	493.35	0.0
479	17	73	477.75	0.0
480	17	74	477.1	0.0
481	17	75	475.15	0.0
482	17	76	476.45	0.0
483	17	78	478.4	0.0
484	17	79	475.8	0.0
485	17	80	477.75	0.0
486	17	81	479.7	0.0
487	17	82	475.8	0.0
488	17	83	479.05	0.0
489	17	84	479.55800000000005	6.385
490	17	85	477.75	0.0
491	17	86	477.75	0.0
492	17	87	474.5	0.0
493	17	88	477.75	0.0
494	17	89	476.45	0.0
495	17	90	477.1	0.0
496	22	0	349.944	83.596
497	22	1	350.82300000000004	81.771
498	22	2	347.784	74.096
499	22	3	355.404	68.176
500	22	4	357.55199999999996	66.39
501	22	5	357.847	72.376
502	22	6	360.86400000000003	72.229
503	22	7	362.81699999999995	72.175
504	22	8	363.094	76.056
505	22	9	362.80300000000005	76.47
506	22	10	361.534	75.557
507	22	11	361.57300000000004	65.906
508	22	12	359.82	73.344
509	22	13	361.785	61.958999999999996
510	22	14	362.723	75.983
511	22	15	363.024	68.874
512	22	16	364.543	67.28699999999999
513	22	17	362.121	80.092
514	22	18	364.17199999999997	70.513
515	22	19	360.81800000000004	82.574
516	22	20	361.827	83.079
517	22	21	365.73400000000004	70.253
518	22	22	367.085	65.92699999999999
519	22	23	365.793	71.514
520	22	24	365.67	72.462
521	22	25	365.834	70.334
522	22	26	368.099	63.861000000000004
523	22	27	369.49300000000005	64.107
524	22	28	364.403	75.163
525	22	29	365.23900000000003	79.45100000000001
526	22	30	368.905	65.15100000000001
527	22	31	370.651	62.173
528	22	32	369.44800000000004	64.435
529	22	33	365.398	67.832
530	22	34	368.556	66.798
531	22	35	367.434	66.715
532	27	3	497.88699999999994	41.051
533	27	4	497.721	40.449
534	27	5	499.83099999999996	35.285
535	27	6	500.837	34.239000000000004
536	27	7	501.352	33.129
537	27	8	497.37199999999996	37.126999999999995
538	27	9	495.626	37.825
539	27	10	494.974	38.341
540	27	11	486.061	45.422
541	27	12	480.853	48.96
542	27	13	474.561	53.623000000000005
543	27	14	467.668	62.957
544	27	15	459.26599999999996	68.888
545	27	16	453.735	71.46300000000001
546	27	17	449.838	74.125
547	27	18	443.259	75.65
548	27	19	440.12	78.60300000000001
549	27	20	435.26300000000003	81.142
550	27	21	428.398	83.95299999999999
551	27	22	431.861	80.94
552	27	23	427.825	82.96600000000001
553	27	24	431.10699999999997	80.889
554	27	25	432.608	78.767
555	27	26	434.695	77.99
556	27	27	447.902	74.597
557	28	4	520.8240000000001	73.268
558	28	5	521.913	73.35300000000001
559	28	6	521.653	72.043
560	28	7	521.693	74.102
561	28	8	522.368	72.468
562	28	9	522.64	73.236
563	28	10	523.729	73.393
564	28	11	523.505	72.443
565	28	12	510.995	61.06399999999999
566	28	13	516.726	49.126000000000005
567	28	16	506.12	42.733000000000004
568	28	17	502.625	45.943999999999996
569	28	18	499.991	47.456
570	28	19	498.897	47.103
571	28	20	498.30699999999996	47.506
572	28	21	497.57800000000003	47.483000000000004
573	28	22	494.644	47.085
574	28	23	490.13	47.67
575	28	25	490.462	47.262
576	28	26	490.019	48.644
577	28	28	489.961	51.302
578	28	29	493.371	54.221000000000004
579	28	30	499.68699999999995	52.589
580	28	31	488.171	59.604
581	28	32	495.56199999999995	56.288000000000004
582	28	33	492.934	53.943000000000005
583	28	34	492.165	54.578
584	28	35	486.11699999999996	51.812
585	28	36	485.495	52.622
586	28	37	486.13199999999995	52.213
587	28	38	487.519	55.685
588	28	39	488.528	55.136
589	28	40	490.048	57.428999999999995
590	28	41	488.26	54.559
591	28	42	489.536	53.575
592	28	43	488.02099999999996	51.438
593	28	44	488.965	51.928999999999995
594	28	45	488.17199999999997	47.979
595	28	46	491.67	56.618
596	28	50	490.594	50.181999999999995
597	28	51	486.695	39.336
598	28	52	486.31300000000005	39.619
599	28	53	488.731	45.325
600	28	54	488.291	41.46
601	28	55	489.965	44.255
602	28	56	490.865	43.952
603	28	57	494.048	52.023999999999994
604	28	58	491.291	43.722
605	28	59	492.539	45.438
606	28	60	490.827	39.449
607	28	61	495.54400000000004	49.25899999999999
608	28	62	494.71	45.54
609	28	63	493.686	40.966
610	28	64	493.298	38.396
611	28	65	489.82	30.796999999999997
612	28	66	488.032	30.211
613	29	4	354.649	74.176
614	29	5	347.80699999999996	81.538
615	29	6	345.49300000000005	80.641
616	29	7	345.837	79.564
617	29	8	346.395	77.649
618	29	9	344.85699999999997	78.432
619	29	10	343.564	78.835
620	29	11	343.231	77.747
621	29	12	341.964	76.056
622	29	13	343.73	76.133
623	29	14	343.835	79.688
624	29	15	344.173	77.757
625	29	16	344.911	75.01100000000001
626	29	17	343.981	78.609
627	29	18	346.89099999999996	67.866
628	29	19	348.991	63.722
629	29	20	345.339	69.789
630	29	21	347.275	67.345
631	29	22	348.711	64.28399999999999
632	29	23	349.524	63.492
633	29	24	347.028	67.23
634	29	25	347.885	64.85600000000001
635	29	26	346.776	66.2
636	29	27	350.616	62.773999999999994
637	29	28	345.73699999999997	66.744
638	29	29	347.709	61.647
639	29	30	348.32300000000004	59.998999999999995
640	29	31	349.671	58.073
641	29	32	345.32300000000004	62.626999999999995
642	29	33	351.631	54.113
643	29	34	354.596	51.913999999999994
644	29	35	347.31699999999995	58.629
645	29	36	357.92699999999996	48.952
646	29	37	358.449	46.935
647	29	38	362.62199999999996	44.6
648	29	39	348.94800000000004	56.167
649	29	40	348.35	58.86
650	29	41	347.301	56.876999999999995
651	29	42	350.36300000000006	50.461999999999996
652	29	43	344.251	57.138999999999996
653	29	44	345.39300000000003	55.042
654	29	45	345.064	54.22
655	29	46	345.10699999999997	52.882
656	29	47	342.781	57.818000000000005
657	29	48	342.205	57.966
658	29	49	344.353	52.037
659	29	50	344.04699999999997	53.398999999999994
660	29	51	342.837	56.478
661	29	52	341.415	57.735
662	29	53	341.684	58.108000000000004
663	29	54	343.149	55.16
664	29	55	342.41900000000004	56.104
665	29	56	345.597	50.473
666	29	57	344.06199999999995	53.568999999999996
667	29	58	341.86	56.92
668	29	59	338.745	61.04600000000001
669	29	60	336.592	62.044
670	29	61	336.917	59.785
671	29	62	334.975	61.336000000000006
672	29	63	332.98	63.17100000000001
673	29	64	328.715	65.624
674	29	65	326.98	65.243
675	29	66	324.655	66.709
676	29	67	323.894	67.597
677	29	68	320.82	71.62899999999999
678	29	69	320.25	70.445
679	29	70	321.43	69.17399999999999
680	29	71	320.927	65.607
681	29	72	318.73900000000003	66.594
682	29	73	316.949	64.317
683	29	74	315.55400000000003	63.592
684	29	75	313.507	63.397
685	29	76	313.066	60.876999999999995
686	29	77	310.911	60.733999999999995
687	29	78	310.837	57.681999999999995
688	29	79	308.59	56.138999999999996
689	29	80	307.964	57.681999999999995
690	29	81	305.86400000000003	54.872
691	29	82	303.034	53.206
692	29	83	298.873	50.04
693	29	84	296.519	47.162
694	29	85	296.08	46.525
695	29	86	292.693	42.836000000000006
696	29	87	286.504	37.866
697	29	88	282.89	32.891999999999996
698	29	89	279.603	27.56
699	29	90	285.362	34.85
700	29	91	286.83299999999997	36.473
701	29	92	283.075	32.552
702	29	93	277.927	27.908
703	29	94	270.584	19.605
704	29	95	266.142	12.257
705	29	96	263.34	6.744
706	30	2	297.258	87.29700000000001
707	30	3	301.77	81.563
708	30	4	301.036	80.585
709	30	5	300.906	79.365
710	30	6	306.35200000000003	74.90899999999999
711	30	7	310.82599999999996	71.118
712	30	8	310.243	70.95100000000001
713	30	9	314.79900000000004	66.971
714	30	10	315.83099999999996	65.181
715	30	11	316.52	64.402
716	30	12	314.53	66.642
717	30	13	314.847	68.383
718	30	14	316.457	72.602
719	30	15	316.121	74.632
720	30	16	320.981	68.005
721	30	17	325.89799999999997	61.126000000000005
722	30	18	328.88800000000003	56.36
723	30	19	330.098	52.224
724	30	20	332.62199999999996	46.757
725	30	21	333.716	43.854
726	30	22	334.13199999999995	40.675
727	30	23	332.714	43.512
728	30	24	332.849	42.332
729	30	25	331.13800000000003	44.718999999999994
730	30	26	330.934	43.82899999999999
731	30	27	330.898	44.648999999999994
732	30	28	332.327	40.613
733	30	29	330.86400000000003	42.327
734	30	30	331.404	39.018
735	30	31	331.85900000000004	42.153999999999996
736	30	32	330.355	43.61600000000001
737	30	33	333.809	35.969
738	30	34	333.077	40.137
739	30	35	333.501	39.336
740	30	36	333.79900000000004	37.986999999999995
741	30	37	333.913	37.335
742	30	38	333.281	37.023
743	30	39	334.398	36.398
744	30	40	334.108	35.009
745	30	41	332.225	31.552
746	30	42	336.358	24.2
747	30	43	334.36199999999997	31.177
748	30	44	335.035	31.015
749	30	45	334.06199999999995	30.624000000000002
750	30	46	337.35900000000004	26.755
751	30	47	337.421	27.713
752	30	48	338.95099999999996	25.66
753	30	49	340.92	20.457
754	30	50	341.80800000000005	15.242
755	30	51	345.043	6.898
756	30	52	347.75	0.0
757	34	7	7.827999999999999	282.22700000000003
758	34	8	12.987	291.57
759	34	9	16.517	296.198
760	34	10	18.692	300.811
761	34	11	21.041	303.323
762	34	12	24.035999999999998	308.107
763	34	13	20.909000000000002	306.124
764	34	14	19.456	306.805
765	34	15	16.198	302.10400000000004
766	34	16	13.877	294.063
767	34	17	14.37	292.694
768	34	18	14.894	288.863
769	34	19	14.5	288.158
770	34	20	14.498	289.96299999999997
771	34	21	10.927	289.47900000000004
772	34	22	7.898	287.91700000000003
773	34	23	0.0	280.15
774	34	24	0.0	276.25
775	34	25	0.0	273.0
776	34	26	0.0	273.65
777	34	27	0.0	272.35
778	34	28	0.0	274.95
779	34	29	0.0	276.9
780	34	30	4.186	279.666
781	34	31	8.486	283.85900000000004
782	34	32	10.002	285.415
783	34	33	11.378	285.974
784	34	34	11.380999999999998	285.137
785	34	35	10.440999999999999	282.848
786	34	36	13.614	281.655
787	34	37	18.044	283.16700000000003
788	34	38	23.748	287.277
789	34	39	24.749000000000002	288.986
790	34	40	25.6	296.072
791	34	41	26.8	297.105
792	34	42	28.111	299.04400000000004
793	34	43	28.229	299.913
794	34	44	29.801	301.374
795	34	45	30.772	300.189
796	34	46	30.426	299.45599999999996
797	34	47	31.596	299.746
798	34	48	31.85	301.26599999999996
799	34	49	31.081999999999997	298.91900000000004
800	34	50	31.794	301.872
801	34	51	31.97	303.194
802	34	52	32.777	305.41700000000003
803	34	53	35.246	306.468
804	34	54	37.347	304.981
805	34	55	41.5	307.353
806	34	56	40.556	302.947
807	34	57	38.466	299.32
808	34	58	38.37	297.63599999999997
809	34	59	36.709	294.416
810	34	60	36.198	295.70599999999996
811	34	61	35.504	298.23
812	34	62	35.029	296.873
813	34	63	33.931999999999995	295.38599999999997
814	34	64	33.313	295.009
815	34	65	32.227	294.13599999999997
816	34	66	32.025999999999996	292.275
817	34	67	30.283	290.651
818	34	68	30.252	291.58099999999996
819	34	69	31.449	290.432
820	34	70	31.483	290.47
821	34	71	30.659000000000002	288.797
822	34	72	32.747	291.733
823	34	73	32.606	290.089
824	34	74	31.544	290.485
825	34	75	33.283	292.028
826	34	76	34.1	290.589
827	34	77	33.681999999999995	292.077
828	34	78	34.591	291.97700000000003
829	34	79	35.75	292.611
830	34	80	39.894	292.469
831	34	81	40.974	293.155
832	34	82	41.415	294.753
833	34	83	44.926	297.642
834	34	84	48.605	300.23
835	34	85	51.003	303.194
836	34	86	53.298	308.70599999999996
837	34	87	54.655	310.13599999999997
838	34	88	54.843999999999994	308.841
839	34	89	54.902	306.216
840	34	90	51.545	300.61
841	34	91	51.126999999999995	298.481
842	34	92	47.663000000000004	290.524
843	34	93	47.373000000000005	291.089
844	34	94	47.902	291.183
845	34	95	48.424	288.481
846	34	96	49.992	291.997
847	35	9	502.708	85.613
848	35	10	504.12199999999996	78.645
849	35	11	504.86199999999997	77.664
850	35	12	506.085	75.536
851	35	13	507.663	77.221
852	35	14	509.98	79.649
853	35	15	510.449	81.45
854	35	16	513.5	80.108
855	35	17	514.7090000000001	73.516
856	35	18	516.993	72.743
857	35	19	518.102	71.507
858	35	20	518.1	72.42399999999999
859	35	21	518.889	73.468
860	35	24	522.613	55.387
861	35	25	523.504	53.623000000000005
862	35	26	522.479	56.078
863	35	27	522.628	52.258
864	35	28	523.7769999999999	52.083999999999996
865	35	29	523.886	53.451
866	35	30	523.153	55.516999999999996
867	35	31	524.466	54.795
868	35	32	525.043	54.148
869	35	33	526.472	53.946999999999996
870	35	34	527.15	53.95
871	35	35	527.8480000000001	52.988
872	35	36	528.113	53.46
873	35	37	531.049	44.03
874	35	38	527.952	53.376000000000005
875	35	39	529.19	52.449
876	35	40	528.93	52.88
877	35	41	530.569	49.29
878	35	42	532.557	41.423
879	40	15	514.682	68.087
880	40	16	517.4730000000001	63.372
881	40	21	521.451	64.868
882	40	22	522.6419999999999	69.828
883	40	23	522.0840000000001	68.04
884	40	24	521.242	66.626
885	40	25	522.109	66.482
886	40	26	521.359	66.54899999999999
887	40	27	520.8480000000001	65.465
888	40	28	521.9590000000001	63.508
889	40	29	521.591	64.72800000000001
890	40	30	521.143	63.887
891	40	31	522.802	61.44
892	40	32	523.317	60.035
893	40	35	529.2769999999999	49.217
894	40	36	530.989	45.727
895	40	37	537.001	26.502
896	40	38	531.984	43.161
897	40	39	534.018	40.497
898	40	41	533.867	39.744
899	40	42	533.65	39.0
900	40	43	534.1419999999999	37.078
901	40	44	532.201	43.188
902	40	45	530.6030000000001	45.924
903	40	46	529.624	47.843999999999994
904	40	47	528.9259999999999	49.369
905	40	48	528.455	49.882
906	40	49	528.1709999999999	48.308
907	40	50	529.169	42.023999999999994
908	40	51	527.905	42.303999999999995
909	40	52	527.198	42.731
910	40	53	527.515	43.224
911	40	54	527.711	43.93899999999999
912	40	55	528.186	42.382
913	40	56	528.095	42.905
914	40	57	527.857	42.365
915	40	58	528.178	39.760999999999996
916	40	60	528.612	40.532
917	40	61	530.771	39.919000000000004
918	40	62	531.1080000000001	59.601000000000006
919	40	63	531.721	62.763000000000005
920	40	64	531.987	61.667
921	40	65	532.314	49.126999999999995
922	40	66	532.737	58.651
923	40	67	533.297	60.093999999999994
924	40	68	534.231	63.36
925	40	69	532.518	64.182
926	40	70	533.67	62.913999999999994
927	40	71	534.067	63.431999999999995
928	40	72	534.25	64.375
929	40	73	534.639	63.998999999999995
930	40	74	534.613	50.339
931	40	75	539.185	40.419000000000004
932	40	76	544.4830000000001	42.239
933	40	77	542.943	43.443999999999996
934	40	78	540.2080000000001	43.674
935	40	79	539.76	46.867
936	40	80	540.9830000000001	45.273
937	40	81	537.3430000000001	45.422
938	40	82	537.654	45.273
939	40	83	540.069	44.328
940	40	84	542.031	44.964
941	40	85	537.802	45.555
942	40	86	537.118	44.568000000000005
943	40	87	538.067	43.428000000000004
944	40	88	539.438	42.812
945	40	89	537.703	43.556000000000004
946	40	90	538.947	43.62
947	40	91	544.403	43.427
948	40	92	553.313	39.641
949	40	93	556.325	38.994
950	40	94	559.172	37.547
951	40	95	550.143	39.614000000000004
952	40	96	548.591	39.164
953	43	17	469.5	99.637
954	43	18	468.88699999999994	99.685
955	43	20	469.56699999999995	99.542
956	43	21	468.39599999999996	100.59299999999999
957	43	22	451.48900000000003	99.889
958	43	23	446.189	108.796
959	43	24	452.093	97.774
960	43	25	454.58	94.958
961	43	26	443.925	112.727
962	43	27	439.151	121.398
963	43	28	438.115	124.149
964	43	29	435.019	127.473
965	43	30	430.963	132.195
966	43	31	426.413	135.694
967	43	32	423.894	138.064
968	43	33	420.546	140.62
969	43	34	424.539	137.477
970	43	35	433.82800000000003	129.95600000000002
971	43	36	447.689	112.62299999999999
972	43	37	442.31300000000005	120.61399999999999
973	43	38	446.912	113.795
974	43	39	446.76099999999997	111.5
975	43	40	449.541	102.166
976	43	41	443.217	120.499
977	43	42	430.14	132.798
978	43	43	425.68	138.296
979	43	44	424.827	139.38
980	43	45	424.25699999999995	140.914
981	43	46	427.707	138.82299999999998
982	43	47	435.715	131.67
983	43	48	438.465	131.236
984	43	49	434.226	135.638
985	43	50	429.04	138.966
986	43	51	430.009	140.0
987	43	52	424.509	143.859
988	43	53	437.077	133.407
989	43	54	440.30400000000003	129.36
990	43	55	431.358	138.063
991	43	56	427.57	141.045
992	43	57	438.55300000000005	134.575
993	43	58	442.72	129.738
994	43	59	442.06300000000005	131.079
995	43	60	445.163	128.58100000000002
996	43	61	444.394	128.47799999999998
997	43	62	453.54900000000004	117.17200000000001
998	43	63	457.589	114.603
999	43	64	451.92	119.462
1000	43	65	446.344	125.11399999999999
1001	43	66	444.173	126.777
1002	43	67	442.82300000000004	128.497
1003	43	68	442.441	131.243
1004	43	69	438.983	133.385
1005	43	70	430.35	139.862
1006	43	71	437.205	131.261
1007	43	72	435.871	135.335
1008	43	73	434.23	133.797
1009	43	74	432.385	133.955
1010	43	75	428.972	142.589
1011	43	76	425.944	138.04399999999998
1012	43	77	426.717	137.833
1013	43	78	426.42400000000004	136.549
1014	43	79	422.028	142.02
1015	43	80	423.346	138.387
1016	43	81	419.702	142.05200000000002
1017	43	82	425.845	134.134
1018	43	83	434.5	124.046
1019	43	84	433.647	126.56200000000001
1020	43	85	436.37199999999996	123.242
1021	43	86	439.98699999999997	141.065
1022	43	87	444.426	136.126
1023	43	88	447.858	134.414
1024	43	89	438.72900000000004	140.409
1025	43	90	428.788	146.38
1026	43	91	424.327	149.825
1027	43	92	430.77099999999996	142.97899999999998
1028	43	93	429.327	143.47
1029	43	94	433.79400000000004	140.884
1030	43	95	436.844	137.972
1031	43	96	442.894	134.284
1032	47	19	488.0	378.759
1033	47	20	500.431	368.16900000000004
1034	47	21	499.32099999999997	369.036
1035	47	22	498.78	367.72
1036	47	23	501.11199999999997	366.01099999999997
1037	47	24	500.819	365.645
1038	47	25	500.835	365.56300000000005
1039	47	26	501.23900000000003	364.62699999999995
1040	47	27	503.089	364.62699999999995
1041	47	28	508.413	360.69
1042	47	29	510.07	359.496
1043	47	30	512.175	358.085
1044	47	31	512.3340000000001	357.721
1045	47	32	513.149	356.815
1046	47	33	515.8340000000001	354.289
1047	47	34	518.385	353.63800000000003
1048	47	35	518.2180000000001	354.05
1049	47	36	512.215	357.874
1050	47	37	513.554	357.26800000000003
1051	47	38	510.298	358.76300000000003
1052	47	39	513.0509999999999	356.61300000000006
1053	47	40	515.6619999999999	355.652
1054	47	41	510.042	359.202
1055	47	42	509.881	358.60900000000004
1056	47	43	508.577	358.73800000000006
1057	47	44	506.37199999999996	360.564
1058	57	30	353.358	69.82300000000001
1059	57	31	358.131	68.271
1060	57	32	359.061	72.564
1061	57	35	363.602	72.926
1062	57	36	364.37300000000005	71.852
1063	57	37	364.43699999999995	73.199
1064	57	38	365.65	72.176
1065	57	39	365.82199999999995	70.62100000000001
1066	57	40	365.92199999999997	71.601
1067	57	41	364.91	74.31
1068	57	44	366.165	59.909
1069	57	45	366.07300000000004	57.11
1070	57	47	365.82800000000003	60.093999999999994
1071	57	48	366.597	57.523
1072	57	53	366.73400000000004	61.972
1073	57	54	367.119	55.323
1074	57	55	366.611	55.343999999999994
1075	57	58	368.151	55.825
1076	57	59	367.904	53.49100000000001
1077	57	61	373.52099999999996	42.635
1078	57	62	375.45	39.771
1079	57	63	375.00300000000004	40.36
1080	57	64	377.908	34.019
1081	57	65	379.324	29.594
1082	57	66	381.01300000000003	24.21
1083	57	67	383.108	17.362000000000002
1084	57	68	379.832	20.455
1085	57	69	381.147	14.690999999999999
1086	57	70	381.68800000000005	9.797
1087	57	71	382.85	0.0
1088	57	72	382.436	6.394
1089	57	73	383.5	0.0
1090	61	40	137.86	81.223
1091	61	41	131.91299999999998	79.703
1092	61	42	138.187	82.34200000000001
1093	61	43	131.364	78.48100000000001
1094	61	44	130.868	78.627
1095	61	45	127.155	75.89399999999999
1096	61	47	137.857	76.223
1097	61	48	129.50799999999998	73.73
1098	61	49	120.89299999999999	74.873
1099	61	50	127.973	73.266
1100	61	51	120.83	74.725
1101	61	54	125.006	72.393
1102	61	55	118.277	71.955
1103	61	56	118.15700000000001	72.222
1104	61	60	116.94	71.104
1105	61	61	114.99	65.53
1106	61	64	110.695	60.239
1107	61	65	109.15700000000001	60.586999999999996
1108	63	41	367.32199999999995	64.15
1109	63	42	365.384	68.76100000000001
1110	63	43	364.148	71.752
1111	63	44	363.48699999999997	74.737
1112	63	45	364.608	70.414
1113	63	46	363.454	69.292
1114	63	47	363.736	72.528
1115	63	48	363.468	70.513
1116	63	49	363.03	69.187
1117	63	50	363.158	72.56
1118	63	51	364.056	74.133
1119	63	52	364.05199999999996	78.768
1120	63	53	365.314	73.934
1121	63	54	364.05300000000005	69.882
1122	63	55	364.213	69.882
1123	63	56	363.51	66.173
1124	63	57	362.93300000000005	70.242
1125	63	58	362.624	70.97800000000001
1126	63	59	364.402	66.994
1127	63	60	364.43800000000005	64.18
1128	63	61	364.82199999999995	60.957
1129	63	62	365.69199999999995	59.018
1130	63	63	365.472	58.946000000000005
1131	63	64	365.957	56.588
1132	63	65	366.705	55.973
1133	63	66	367.605	53.70399999999999
1134	63	67	367.73800000000006	54.151
1135	63	68	369.213	53.398999999999994
1136	63	69	370.426	48.799
1137	63	70	372.18199999999996	45.559
1138	63	71	372.26	40.575
1139	63	72	374.087	36.08
1140	63	73	373.375	30.593000000000004
1141	63	74	374.903	27.877
1142	63	75	376.971	21.31
1143	63	76	379.849	16.24
1144	63	77	380.336	17.097
1145	63	78	382.231	15.51
1146	63	79	383.709	15.589
1147	63	80	383.167	16.750999999999998
1148	63	81	380.945	17.602
1149	63	82	380.344	18.605
1150	63	83	380.176	18.332
1151	63	84	380.25699999999995	18.18
1152	63	85	379.715	18.590999999999998
1153	63	86	380.26099999999997	18.484
1154	63	87	380.18	18.684
1155	63	88	379.964	19.288
1156	63	89	380.125	18.937
1157	63	90	379.976	19.146
1158	63	91	380.24	20.098
1159	63	92	380.094	18.427
1160	63	93	379.42	18.577
1161	63	94	378.994	18.682000000000002
1162	63	95	378.88599999999997	18.145
1163	63	96	378.399	18.337
1164	67	42	534.3	37.05
1165	67	43	534.1419999999999	37.078
1166	67	44	536.026	35.001
1167	67	45	534.185	37.828
1168	67	46	533.4830000000001	38.103
1169	67	47	533.4169999999999	39.080999999999996
1170	67	51	530.381	35.303000000000004
1171	67	52	531.6709999999999	34.596
1172	67	53	531.969	31.901999999999997
1173	67	56	531.4209999999999	34.334
1174	67	57	532.078	32.717
1175	67	58	530.586	33.154
1176	67	59	531.312	32.524
1177	67	60	532.221	30.372
1178	67	61	534.148	30.529
1179	67	62	533.26	34.708
1180	67	63	533.4	37.986999999999995
1181	67	64	533.143	38.266999999999996
1182	67	65	533.471	40.234
1183	67	66	534.066	43.148999999999994
1184	67	67	533.387	46.806000000000004
1185	67	68	534.299	51.193000000000005
1186	67	69	533.0930000000001	54.01
1187	67	70	534.427	54.217
1188	67	71	534.95	52.65
1189	67	72	535.808	48.2
1190	67	73	537.389	45.433
1191	67	74	539.086	37.205
1192	67	75	542.305	30.217
1193	67	76	541.474	26.283
1194	67	79	538.42	23.176
1195	67	80	537.565	23.263
1196	67	81	538.899	22.206999999999997
1197	67	82	536.891	23.627
1198	67	83	539.268	22.503
1199	67	84	538.695	22.829
1200	67	85	538.376	23.057
1201	67	86	539.342	22.405
1202	67	87	543.225	20.28
1203	67	88	542.024	21.531999999999996
1204	67	89	542.4169999999999	22.078000000000003
1205	67	90	542.331	21.164
1206	67	91	544.127	21.753
1207	67	92	543.3340000000001	19.354
1208	67	93	544.705	18.053
1209	67	94	541.643	17.812
1210	67	95	542.039	17.639
1211	67	96	547.6990000000001	16.113
1212	77	53	664.95	375.05
1213	77	54	664.95	371.15
1214	77	55	664.95	367.25
1215	77	56	664.95	360.1
1216	77	57	664.95	356.2
1217	77	58	664.95	352.3
1218	77	59	664.95	349.05
1219	77	60	664.95	345.8
1220	77	61	664.95	338.0
1221	77	62	664.95	332.15
1222	77	63	664.95	328.9
1223	77	64	664.95	325.65
1224	77	65	664.95	321.1
1225	77	66	664.95	310.7
1226	77	67	664.95	306.8
1227	77	68	664.95	306.15
1228	77	69	664.95	300.3
1229	77	70	664.95	293.15
1230	77	71	664.95	288.6
1231	77	72	664.95	280.8
1232	77	73	664.95	276.25
1233	77	74	664.95	269.75
1234	77	75	664.95	265.85
1235	77	76	664.95	259.35
1236	77	77	664.95	256.1
1237	77	78	664.95	250.25
1238	77	79	664.95	243.75
1239	77	80	664.95	239.85
1240	77	81	664.95	236.6
1241	77	82	664.95	233.35
1242	77	83	664.95	231.4
1243	77	84	664.95	228.15
1244	81	55	414.61300000000006	502.168
1245	81	56	416.985	500.55400000000003
1246	81	57	417.68699999999995	500.596
1247	81	58	419.145	501.358
1248	81	59	419.37199999999996	501.85
1249	81	60	420.353	502.096
1250	81	61	422.694	502.858
1251	81	62	420.35400000000004	504.189
1252	81	63	419.059	505.64300000000003
1253	81	64	420.51800000000003	504.369
1254	81	65	419.48	504.73400000000004
1255	81	66	421.911	501.80800000000005
1256	81	67	424.94199999999995	502.191
1257	81	68	423.82099999999997	502.541
1258	81	69	423.911	502.80699999999996
1259	81	70	422.319	501.89300000000003
1260	81	71	422.666	501.077
1261	81	72	423.255	501.59
1262	81	73	423.041	499.779
1263	81	74	422.788	497.809
1264	81	75	424.005	496.236
1265	81	76	425.04	495.064
1266	81	77	423.462	495.99300000000005
1267	81	78	419.88800000000003	490.93699999999995
1268	81	79	414.915	488.916
1269	81	80	416.222	488.51599999999996
1270	81	81	423.084	490.06300000000005
1271	81	82	427.29900000000004	491.852
1272	81	83	424.968	490.202
1273	81	84	421.108	489.082
1274	81	85	418.811	489.91
1275	81	86	421.98400000000004	490.066
1276	81	87	423.866	488.801
1277	81	88	420.62199999999996	490.064
1278	81	89	409.523	491.779
1279	81	90	415.37199999999996	489.49300000000005
1280	81	91	421.39300000000003	487.81300000000005
1281	81	92	417.531	486.08099999999996
1282	81	93	423.195	483.07099999999997
1283	81	94	417.76599999999996	484.588
1284	81	95	421.14300000000003	483.999
1285	81	96	423.726	479.89599999999996
1286	82	57	488.531	34.621
1287	82	58	486.108	27.836
1288	82	59	485.917	27.815
1289	82	60	486.37300000000005	27.303
1290	82	61	488.86800000000005	33.61
1291	82	62	482.94	22.301
1292	82	63	484.659	24.459
1293	82	64	481.68199999999996	15.365
1294	82	65	480.875	14.581
1295	82	66	480.366	14.124
1296	82	67	479.099	11.089
1297	82	68	478.464	10.218
1298	82	69	477.61	7.337000000000001
1299	82	70	478.88	8.349
1300	82	71	485.353	18.042
1301	82	72	484.31300000000005	15.841
1302	82	76	495.95	0.0
1303	82	77	498.264	16.455
1304	82	78	501.85400000000004	30.568
1305	82	79	502.89	41.299
1306	82	80	503.629	52.96
1307	82	81	503.147	58.178999999999995
1308	82	82	501.76199999999994	47.361999999999995
1309	82	83	503.389	55.626999999999995
1310	82	84	502.92900000000003	54.823
1311	82	85	503.093	54.931000000000004
1312	82	86	503.629	49.728
1313	82	87	503.966	49.832
1314	102	75	438.209	143.584
1315	102	76	437.284	139.27100000000002
1316	102	77	438.725	140.673
1317	102	78	440.648	136.0
1318	102	79	441.829	134.005
1319	102	80	441.55	134.429
1320	102	81	440.491	137.773
1321	102	82	439.457	139.942
1322	102	83	439.58	140.80100000000002
1323	102	84	431.76300000000003	145.108
1324	102	85	435.64599999999996	142.84
1325	102	86	419.043	142.265
1326	102	87	421.61	138.86700000000002
1327	102	88	431.358	126.461
1328	102	89	433.425	123.06200000000001
1329	102	90	437.673	120.45700000000001
1330	102	91	447.301	114.52799999999999
1331	102	92	453.398	108.539
1332	102	93	454.954	106.55
1333	102	94	444.605	115.041
1334	102	95	442.038	114.916
1335	102	96	447.30300000000005	110.24700000000001
