     TRACK_ID  FRAME  POSITION_X  POSITION_Y
0           2      0     230.102     362.000
1           2      1     231.239     360.685
2           2      2     231.546     360.474
3           2      3     229.596     365.226
4           2      4     228.234     361.083
5           2      5     235.199     355.480
6           2      6     226.911     365.100
7           2      7     217.360     364.332
8           2      8     228.894     375.707
9           2      9     220.697     379.103
10          2     10     220.475     384.602
11          2     11     222.172     381.271
12          2     12     223.386     382.421
13          2     13     240.136     385.079
14          2     14     244.901     388.444
15          2     19     244.365     404.563
16          2     20     242.339     401.810
17          2     21     246.663     397.279
18          2     22     249.067     399.269
19          2     23     248.681     403.969
20          2     24     250.399     403.130
21          2     25     250.562     400.248
22          2     26     240.039     393.732
23          2     28     248.982     391.770
24          2     29     249.804     389.511
25          2     30     249.759     390.903
26          2     31     249.572     392.056
27          2     32     246.970     388.749
28          2     33     247.857     389.111
29          2     34     253.345     386.290
30          2     35     251.095     389.000
31          2     36     249.473     392.860
32          2     37     250.000     390.972
33          2     38     246.892     390.476
34          2     39     254.523     389.302
35          2     40     254.481     387.609
36          2     41     253.342     389.661
37          2     42     252.066     390.511
38          2     43     253.589     391.343
39          2     44     255.039     389.521
40          2     45     252.469     393.765
41          2     46     253.960     391.816
42          2     47     251.548     391.745
43          2     48     251.240     391.912
44          2     49     249.483     391.704
45          2     50     249.516     392.195
46          2     51     248.938     393.110
47          2     52     249.600     393.250
48          2     53     246.656     394.291
49          2     54     243.478     393.748
50          2     55     243.350     392.580
51          2     56     247.426     390.181
52          2     57     250.487     386.416
53          2     58     261.538     386.475
54          2     59     251.123     384.873
55          3      0     253.004     368.012
56          3      1     256.322     361.666
57          3      2     258.293     356.973
58          3      3     251.796     358.483
59          3      4     248.745     356.277
60          3      5     249.600     357.500
61          3      6     251.933     365.854
62          3      7     245.615     367.178
63          3      8     247.447     367.354
64          3      9     250.233     371.274
65          3     10     245.184     371.436
66          3     11     244.564     366.954
67          3     12     247.184     374.918
68          3     13     260.858     376.318
69          3     14     268.828     383.854
70          3     15     266.427     383.912
71          3     16     264.673     373.674
72          3     17     267.423     373.161
73          3     19     272.287     368.735
74          3     20     273.662     367.839
75          3     21     281.821     367.899
76          3     22     279.271     362.729
77          3     23     281.844     367.223
78          3     24     275.764     367.134
79          3     25     262.954     353.722
80          3     27     276.971     372.349
81          3     28     282.193     375.013
82          3     29     287.617     388.417
83          3     30     290.895     386.937
84          3     31     292.870     373.635
85          3     32     295.516     375.947
86          3     33     293.042     378.711
87          3     34     297.940     375.074
88          3     35     305.456     372.666
89          3     36     300.314     369.480
90          3     37     308.861     370.346
91          3     38     319.456     366.206
92          3     39     323.762     358.958
93          3     40     327.726     365.898
94          3     41     333.081     369.494
95          3     42     327.757     362.604
96          3     43     320.346     353.370
97          3     44     318.927     353.989
98          3     45     327.756     364.504
99          3     46     335.830     379.240
100         3     47     342.580     378.850
101         3     48     344.483     373.244
102         3     49     340.704     377.046
103         3     50     339.367     379.273
104         3     51     334.312     386.604
105         3     52     332.531     391.715
106         3     53     334.062     391.439
107         3     54     340.610     393.591
108         3     55     335.187     392.750
109         3     56     329.190     382.558
110         3     57     315.068     372.045
111         3     58     292.391     372.893
112         3     59     290.363     370.191
113         3     60     287.449     371.518
114         3     61     287.124     375.128
115         3     62     284.599     375.850
116         3     63     286.547     370.855
117         3     64     289.875     369.368
118         3     65     285.161     365.033
119         3     66     274.969     357.996
120         3     67     276.376     348.091
121         3     68     274.024     342.354
122         3     69     270.916     343.511
123         3     70     261.607     339.667
124         3     71     257.813     336.425
125         6      0     576.312     427.569
126         6      1     577.887     423.362
127         6      2     574.959     430.532
128         6      3     572.640     438.746
129         6      4     573.554     450.608
130         6      5     576.670     456.122
131         6      6     583.273     437.815
132         6      7     581.055     427.208
133         6      8     579.758     430.389
134         6      9     582.613     442.345
135         6     10     583.159     451.331
136         6     11     587.769     470.119
137         6     12     589.947     472.857
138         6     13     583.034     466.353
139         6     14     583.389     454.804
140         6     15     579.300     450.049
141         6     16     570.596     449.959
142         6     17     564.963     448.689
143         6     18     552.416     447.004
144         6     19     553.588     445.171
145         6     20     553.698     443.714
146         6     21     551.203     450.608
147         6     22     551.074     453.877
148         6     23     558.602     450.086
149         6     24     560.086     449.466
150         6     25     546.552     456.107
151         8      0     515.327     450.234
152         8      1     511.009     449.373
153         8      2     499.709     461.389
154         8      3     483.223     477.811
155         8      4     489.051     469.433
156         8      5     491.388     474.437
157         8      6     489.295     473.232
158         8      7     481.286     469.067
159         8      8     480.394     471.180
160         8      9     480.323     486.326
161         8     10     483.232     497.637
162         8     11     482.659     504.806
163         8     12     492.264     515.295
164         8     13     483.267     507.330
165         8     14     468.303     508.927
166         8     15     454.313     506.262
167         8     16     463.159     501.079
168         8     17     459.975     501.438
169         8     18     454.511     494.328
170         8     19     456.909     487.438
171         8     20     452.908     490.008
172         8     21     446.578     481.495
173         8     22     455.057     495.201
174         8     23     465.657     494.148
175         8     24     462.823     502.824
176         8     25     459.692     500.958
177         8     26     462.834     509.749
178         8     27     472.247     502.598
179         8     28     484.378     510.287
180         8     29     499.490     506.718
181         8     30     498.711     502.312
182         8     31     505.525     501.540
183         8     32     487.276     511.304
184         8     33     487.851     497.405
185         8     34     499.079     496.256
186         8     35     505.799     491.990
187         8     36     515.782     499.123
188         8     37     510.525     491.319
189         8     38     514.664     488.643
190         8     39     504.335     492.688
191         8     40     503.339     489.096
192         8     41     509.970     483.667
193         8     42     499.800     488.336
194         8     43     494.307     475.002
195         8     44     483.705     471.868
196         8     45     475.914     472.148
197         8     46     485.605     468.439
198         8     47     482.872     466.724
199         8     48     494.116     463.894
200         8     49     504.628     459.101
201         8     50     494.132     471.858
202         8     51     512.209     469.097
203         8     52     521.064     468.305
204         8     53     516.620     469.580
205         8     54     510.497     481.615
206         8     55     513.697     481.395
207         8     56     516.727     480.719
208         8     57     515.823     473.090
209         8     58     522.448     477.010
210         8     59     513.836     478.694
211         8     60     505.614     480.621
212         8     61     505.325     476.565
213         8     62     508.254     473.015
214         8     63     507.400     470.678
215         8     64     512.752     476.167
216         8     65     497.788     474.372
217         8     66     504.066     471.106
218         8     67     515.829     469.731
219         8     68     524.299     473.258
220         8     69     526.964     471.469
221        29      4     256.963     383.305
222        29      5     255.838     385.421
223        29      6     255.260     388.028
224        29      7     250.978     389.689
225        29      8     255.544     388.393
226        29      9     257.637     386.678
227        29     13     257.714     393.677
228        29     14     258.959     399.610
229        29     15     259.649     407.900
230        29     16     275.350     396.592
231        29     17     260.385     397.521
232        29     21     253.745     382.984
233        29     22     251.568     384.764
234        29     23     250.227     387.370
235        29     24     243.746     391.474
236        29     25     258.289     385.892
237        29     26     251.495     388.963
238        29     27     259.396     387.018
239        29     28     262.330     387.469
240        29     29     264.489     387.590
241        29     30     262.225     389.663
242        29     31     259.350     388.700
243        29     32     275.097     392.515
244        29     33     269.799     392.592
245        29     34     272.969     396.744
246        30      5     168.577     537.110
247        30      6     168.220     540.355
248        30      7     165.726     544.033
249        30      8     166.754     552.867
250        30      9     169.194     549.616
251        30     10     173.476     549.820
252        30     11     152.849     543.408
253        30     12     158.027     544.563
254        30     13     164.750     544.129
255        30     14     163.464     545.351
256        30     15     162.755     540.211
257        30     16     163.702     540.543
258        30     17     163.136     538.644
259        30     18     163.007     543.494
260        30     19     157.859     551.851
261        30     20     154.862     553.175
262        30     21     151.080     553.031
263        30     22     157.813     557.104
264        30     23     158.595     558.127
265        30     24     159.239     569.613
266        30     25     162.287     564.915
267        30     26     163.809     569.713
268        30     27     163.429     566.932
269        30     28     162.294     567.141
270        30     29     168.562     573.710
271        30     30     175.045     581.506
272        30     31     171.717     584.705
273        30     32     175.129     583.952
274        30     33     191.134     594.978
275        30     34     195.888     603.705
276        30     35     193.536     604.126
277        30     36     207.158     608.520
278        30     37     222.805     619.197
279        30     38     232.413     615.598
280        30     39     227.844     606.268
281        30     40     225.166     611.211
282        30     41     222.391     621.851
283        30     42     218.460     611.859
284        30     43     222.929     623.127
285        30     44     221.558     629.754
286        30     45     221.535     631.830
287        30     46     224.617     631.282
288        30     47     219.472     632.789
289        30     48     226.334     632.277
290        30     49     223.707     632.275
291        30     50     216.090     625.029
292        30     51     217.345     635.058
293        30     52     208.543     629.127
294        30     53     209.135     626.598
295        30     54     222.287     627.467
296        30     55     219.623     628.294
297        30     56     208.857     626.892
298        30     57     206.086     633.908
299        30     58     207.833     639.447
300        34      7     402.197     377.617
301        34      8     401.933     372.906
302        34      9     393.539     379.911
303        34     10     391.953     366.350
304        34     11     400.619     376.498
305        34     12     412.797     386.746
306        34     13     413.907     389.282
307        34     14     406.904     401.240
308        34     15     404.900     403.402
309        34     16     401.251     407.299
310        34     17     391.032     405.874
311        34     18     391.234     399.740
312        34     19     382.769     396.167
313        34     20     384.548     407.461
314        34     21     388.605     410.148
315        34     22     402.139     408.848
316        34     23     400.122     408.064
317        34     24     402.014     404.487
318        34     25     419.145     411.802
319        34     26     423.480     406.351
320        34     27     433.673     401.930
321        34     28     426.616     397.735
322        34     29     428.870     396.975
323        34     30     432.612     395.895
324        34     31     447.573     400.874
325        34     32     458.249     400.404
326        34     33     459.784     394.892
327        34     34     458.539     395.221
328        34     35     459.504     388.801
329        34     36     459.352     382.681
330        34     37     461.715     393.527
331        34     38     460.781     396.930
332        34     39     476.039     412.924
333        34     40     470.953     416.806
334        34     41     471.269     417.017
335        34     42     473.429     420.478
336        34     43     483.728     414.270
337        34     44     470.883     426.718
338        34     45     462.613     437.047
339        34     46     456.925     429.612
340        34     47     461.451     429.930
341        34     48     475.867     436.800
342        34     49     476.019     425.102
343        34     50     470.150     428.917
344        34     51     471.729     424.322
345        34     52     470.835     425.928
346        34     53     466.428     430.724
347        34     54     462.002     430.776
348        34     55     462.546     440.219
349        34     56     477.080     446.762
350        34     57     484.247     444.220
351        34     58     474.550     448.273
352        34     59     471.248     423.724
353        34     60     469.510     421.143
354        34     61     475.946     418.576
355        34     62     476.334     414.471
356        34     63     472.843     417.071
357        34     64     475.142     426.472
358        34     65     469.617     414.353
359        34     66     472.099     417.487
360        34     67     474.624     420.865
361        34     68     477.697     425.121
362        53     15     377.140     459.265
363        53     16     378.517     466.923
364        53     17     398.206     464.335
365        53     18     401.402     461.474
366        53     19     381.313     463.517
367        53     20     384.239     465.250
368        53     21     375.482     465.719
369        53     22     382.745     475.960
370        53     23     392.566     469.366
371        53     24     409.655     468.101
372        53     25     404.508     473.970
373        53     26     395.422     477.702
374        53     27     390.794     465.606
375        53     28     398.256     459.251
376        53     29     411.426     463.013
377        53     30     405.603     473.453
378        53     31     418.980     460.660
379        53     32     412.618     473.094
380        53     33     399.067     474.510
381        53     34     391.457     475.875
382        53     35     393.428     475.387
383        53     36     413.380     462.424
384        53     37     415.290     456.726
385        53     38     406.233     465.345
386        53     40     407.501     472.221
387        53     41     405.204     474.372
388        53     42     396.070     478.240
389        53     43     396.795     474.071
390        58     16     279.037     372.523
391        58     17     280.747     378.921
392        58     18     278.147     384.321
393        58     19     277.253     380.459
394        58     20     272.156     383.134
395        58     21     279.630     382.058
396        58     22     275.414     378.199
397        58     23     270.891     383.715
398        58     24     267.045     384.248
399        58     25     266.641     375.483
400        58     26     251.288     376.934
401        58     27     257.644     372.286
402        58     28     269.226     367.269
403        58     29     276.146     370.591
404        58     30     274.707     372.308
405        58     31     266.715     369.211
406        58     32     270.699     376.338
407        58     33     267.937     376.873
408        58     34     273.043     374.728
409        58     35     269.206     373.955
410        58     37     265.128     374.650
411        58     38     266.229     372.740
412        58     39     272.199     369.797
413        58     40     272.224     371.092
414        58     41     269.717     374.851
415        58     42     269.130     376.710
416        58     43     261.499     374.785
417        58     44     264.022     372.570
418        58     45     263.446     377.651
419        58     46     269.560     379.170
420        58     47     266.521     378.593
421        58     48     267.104     380.032
422        58     49     263.144     375.676
423        58     50     268.929     384.574
424        58     51     266.277     383.400
425        58     52     264.162     387.300
426        58     54     269.372     386.506
427        58     55     262.472     385.793
428        58     56     263.621     385.192
429        58     57     263.730     386.535
430        58     58     262.754     402.225
431        58     59     262.587     385.019
432        58     60     262.963     385.879
433        58     61     266.704     384.721
434        58     62     267.452     386.645
435        58     63     268.776     386.573
436        58     64     267.631     384.139
437        58     65     268.577     385.955
438        58     66     269.838     386.473
439        58     67     268.368     386.204
440        58     68     265.825     386.328
441        58     69     271.620     387.334
442        58     70     271.712     385.738
443        58     71     269.769     386.141
444        58     72     270.642     384.844
445        58     73     273.221     387.133
446        58     74     271.811     386.013
447        58     75     270.870     383.796
448        58     76     271.602     387.330
449        58     77     271.258     384.492
450        58     78     270.435     386.298
451        58     79     271.651     386.044
452        58     80     272.087     383.807
453        58     81     271.237     383.828
454        58     82     273.125     384.518
455        58     83     273.739     381.480
456        58     84     273.183     385.603
457        58     85     271.686     382.340
458        58     86     261.356     376.973
459        58     87     242.647     385.173
460        58     89     243.979     388.270
461        58     90     240.936     390.233
462        58     91     242.989     391.210
463        58     92     244.413     394.147
464        58     93     244.022     393.194
465        58     94     243.886     389.595
466        58     95     245.948     390.990
467        58     96     247.613     376.119
468        63     22     272.434     493.370
469        63     23     274.886     492.444
470        63     24     275.725     493.498
471        63     25     272.233     498.213
472        63     26     264.788     505.865
473        63     27     252.748     516.947
474        63     28     265.673     513.127
475        63     29     258.706     501.274
476        63     30     267.506     492.327
477        63     31     279.515     489.957
478        63     32     275.709     494.618
479        63     33     273.618     499.452
480        63     34     274.777     493.989
481        63     35     284.329     493.334
482        63     36     291.654     490.925
483        63     37     293.897     496.080
484        63     38     294.675     482.065
485        63     39     286.290     477.505
486        63     40     296.075     491.740
487        63     41     293.157     490.695
488        63     42     303.229     489.874
489        63     43     312.217     499.897
490        63     44     323.923     495.621
491        63     45     326.597     493.045
492        63     46     324.838     495.383
493        63     47     330.510     492.913
494        63     48     325.810     491.120
495        63     49     326.689     492.506
496        63     50     325.667     492.206
497        63     51     328.271     490.738
498        63     52     327.728     481.268
499        63     53     323.276     494.003
500        63     54     327.547     491.874
501        63     55     329.418     490.204
502        63     56     329.150     487.887
503        63     57     327.233     491.846
504        63     58     327.797     491.737
505        63     59     326.257     492.229
506        63     60     326.462     491.926
507        63     61     326.535     491.496
508        63     62     330.312     487.496
509        63     63     327.096     486.257
510        63     64     315.938     481.573
511        63     65     325.539     489.525
512        63     66     324.155     493.440
513        63     67     314.653     491.501
514        63     68     330.295     491.053
515        63     69     328.015     487.229
516        63     70     325.832     492.086
517        63     71     326.737     493.138
518        63     72     325.999     490.722
519        63     73     327.494     490.061
520        63     74     327.401     491.765
521        63     75     327.929     491.154
522        63     76     328.246     492.408
523        63     77     328.745     492.632
524        63     78     327.755     492.544
525        63     79     328.046     493.143
526        63     80     325.811     492.821
527        63     81     326.673     490.911
528        63     82     328.162     490.491
529        63     83     322.053     496.096
530        63     84     328.429     492.609
531        63     85     327.711     493.016
532        63     86     330.738     491.104
533        63     87     328.395     488.674
534        63     88     323.064     496.193
535        63     89     326.809     492.964
536        63     90     327.428     492.280
537        63     91     328.908     492.874
538        63     92     329.637     493.457
539        63     93     329.530     494.247
540        63     94     326.045     494.116
541        63     95     329.924     492.716
542        63     96     328.743     492.127
543        70     25     535.650     464.348
544        70     26     530.294     461.952
545        70     27     546.254     464.106
546        70     28     557.338     461.712
547        70     29     547.986     459.110
548        70     30     531.921     459.660
549        70     31     528.540     457.390
550        70     32     525.302     456.056
551        70     33     530.939     456.898
552        70     34     531.848     458.665
553        70     35     532.572     455.352
554        70     36     529.000     452.123
555        70     37     527.594     459.052
556        70     38     529.593     465.928
557        70     39     528.037     463.532
558        70     40     525.380     462.930
559        70     41     521.175     461.729
560        70     42     521.639     461.622
561        70     43     524.250     463.014
562        70     44     526.421     461.928
563        70     45     518.391     462.061
564        70     46     514.474     460.477
565        70     47     519.882     459.181
566        70     48     540.253     460.194
567        70     49     544.169     461.544
568        70     50     546.305     457.206
569        70     51     544.481     457.930
570        70     52     541.346     460.229
571        70     53     543.670     464.426
572        70     54     544.586     467.550
573        70     55     541.410     469.142
574        70     56     542.907     467.265
575        70     57     544.367     469.402
576        70     58     540.949     473.034
577        70     59     538.735     470.861
578        70     60     536.458     469.739
579        70     61     533.176     470.598
580        70     62     533.749     467.099
581        70     63     539.169     465.617
582        70     64     538.368     468.205
583        70     65     535.221     467.163
584        70     66     540.762     462.170
585        70     67     542.455     464.987
586        70     68     545.360     459.631
587        70     69     535.983     458.156
588        70     70     543.351     458.880
589        70     71     546.878     461.796
590        70     72     547.882     461.501
591        70     73     543.877     458.491
592        70     74     541.289     457.615
593        70     75     546.473     463.632
594        70     76     541.147     463.317
595        70     77     542.218     456.500
596        70     78     546.419     460.809
597        70     79     547.477     460.264
598        70     80     548.275     459.452
599        70     81     543.684     458.444
600        70     82     538.617     457.801
601        70     83     542.215     465.486
602        70     84     542.943     456.646
603        70     85     539.970     459.524
604        70     86     541.654     465.398
605        70     87     539.262     463.642
606        70     88     535.569     458.751
607        70     89     541.227     464.576
608        70     90     542.835     460.071
609        70     91     544.339     456.968
610        70     92     550.808     455.059
611        70     93     544.329     452.140
612        70     94     550.103     452.835
613        70     95     547.461     448.538
614        70     96     544.115     447.800
615        71     25     268.459     653.149
616        71     26     254.043     651.144
617        71     29     256.665     650.984
618        71     30     260.521     655.530
619        71     31     260.594     652.411
620        71     32     259.472     650.732
621        71     33     258.328     652.753
622        71     36     268.050     650.616
623        71     37     261.345     649.680
624        71     38     269.556     653.439
625        71     40     258.085     656.519
626        71     41     260.727     654.811
627        71     42     253.567     648.836
628        71     43     253.461     654.135
629        71     44     252.908     652.792
630        71     45     264.550     664.950
631        71     46     258.546     644.440
632        71     47     263.639     645.759
633        71     48     262.546     655.520
634        71     49     256.686     651.299
635        71     50     258.838     646.436
636        71     51     257.207     653.308
637        71     52     258.218     655.244
638        71     53     255.394     647.742
639        71     56     266.152     654.949
640        71     57     258.737     650.750
641        71     58     246.222     648.349
642        71     59     253.325     654.092
643        71     60     269.064     658.168
644        71     61     275.733     648.059
645        71     62     279.843     655.137
646        71     63     267.150     664.950
647        71     65     264.081     658.730
648        71     66     259.984     657.233
649        71     67     258.957     652.088
650        71     68     258.084     650.134
651        71     69     262.892     652.779
652        71     70     264.505     654.778
653        71     71     261.300     664.950
654        71     73     262.931     643.926
655        71     74     274.620     628.095
656        71     76     292.200     644.068
657        71     77     289.214     636.671
658        71     78     285.102     628.483
659        71     79     279.786     632.731
660        71     80     296.212     641.574
661        71     81     287.757     628.758
662        71     82     285.382     631.209
663        71     83     286.810     630.472
664        71     84     287.988     633.903
665        71     85     290.915     629.297
666        71     86     287.471     627.104
667        71     87     284.151     633.586
668        71     89     280.919     628.185
669        71     90     280.901     628.658
670        71     91     285.601     633.844
671        71     92     288.408     636.629
672        71     93     285.446     636.054
673        71     94     285.930     634.757
674        71     95     289.678     630.240
675        71     96     280.768     629.198
676        76     29     279.934     393.110
677        76     30     283.331     395.631
678        76     31     284.268     385.782
679        76     32     289.034     392.811
680        76     33     284.919     392.801
681        76     34     291.264     398.125
682        76     35     287.174     388.852
683        76     36     285.410     385.550
684        76     37     282.860     389.214
685        76     38     277.701     391.077
686        76     39     281.655     388.581
687        76     40     279.713     391.052
688        76     41     280.752     395.180
689        76     42     274.890     399.097
690        76     43     277.540     393.168
691        76     44     281.030     387.067
692        76     45     279.372     393.760
693        76     46     277.993     401.287
694        76     47     274.744     400.675
695        76     48     271.977     403.556
696        76     49     273.719     396.859
697        76     50     271.104     405.663
698        76     51     267.153     406.008
699        76     52     264.714     410.409
700        76     53     269.149     406.714
701        76     54     265.728     403.705
702        76     55     262.571     404.974
703        76     56     257.396     406.856
704        76     57     262.429     415.042
705        76     58     258.174     418.246
706        76     59     262.608     404.873
707        76     60     257.474     407.261
708        76     61     248.830     403.598
709        76     62     243.629     395.468
710        76     63     243.910     396.771
711        76     64     242.571     395.984
712        76     65     242.934     397.334
713        76     66     243.133     396.437
714        76     67     244.632     400.623
715        76     68     241.275     398.305
716        76     69     244.424     395.322
717        76     70     245.723     397.774
718        76     71     244.570     400.152
719        76     72     243.435     394.783
720        76     73     246.208     396.758
721        76     74     244.991     396.066
722        76     75     245.865     396.963
723        76     76     243.918     399.141
724        76     77     244.213     392.607
725        76     78     242.926     393.608
726        76     79     242.267     392.972
727        76     80     241.472     390.332
728        76     81     243.210     394.846
729        76     82     242.459     394.813
730        76     83     243.604     392.533
731        76     84     243.500     394.401
732        76     85     242.976     393.844
733        76     86     244.571     394.851
734        76     87     242.832     393.923
735        76     88     243.028     395.218
736        76     89     244.702     395.870
737        82     33     223.318     554.159
738        82     34     226.795     552.720
739        82     35     235.906     550.719
740        82     36     229.574     539.150
741        82     37     223.400     538.795
742        82     38     232.203     523.391
743        82     39     228.543     522.574
744        82     40     219.933     515.096
745        82     41     213.459     509.935
746        82     42     213.304     512.231
747        82     43     205.425     514.122
748        82     44     202.148     514.305
749        82     45     211.197     504.372
750        82     46     207.525     511.167
751        82     47     214.534     510.108
752        82     48     207.354     512.313
753        82     49     190.797     505.950
754        82     50     180.919     508.402
755        82     51     176.247     514.613
756        82     52     173.781     510.976
757        82     53     177.006     516.939
758        82     54     163.005     522.351
759        82     55     169.398     524.817
760        82     56     168.847     527.577
761        82     57     171.248     517.619
762        82     58     181.325     512.360
763        82     59     199.502     517.562
764        82     60     205.841     523.449
765        82     61     224.646     511.650
766        82     62     231.776     515.250
767        82     63     242.790     516.732
768        82     64     237.079     517.736
769        82     65     242.186     539.537
770        82     66     240.735     533.006
771        82     67     243.651     542.544
772        82     68     243.385     523.260
773        91     38      92.395     293.620
774        91     39      94.641     293.807
775        91     40      91.441     292.393
776        91     41      97.717     295.665
777        91     42     114.492     298.551
778        91     43     119.468     313.056
779        91     44     126.492     317.172
780        91     45     121.099     319.920
781        91     46     122.706     313.920
782        91     47     116.849     313.341
783        91     48     131.849     313.265
784        91     49     135.209     315.182
785        91     50     132.141     331.584
786        91     51     134.459     337.261
787        91     52     134.824     356.865
788        91     53     129.978     354.658
789        91     54     126.737     359.982
790        91     55     123.069     347.918
791        91     56     118.460     338.024
792        91     57     108.497     335.232
793        91     58      98.980     335.962
794        91     59     110.733     348.566
795        95     42     298.570     567.320
796        95     43     297.443     566.619
797        95     44     304.477     559.198
798        95     45     308.167     568.430
799        95     46     304.981     570.782
800        95     47     314.246     570.416
801        95     48     317.303     579.240
802        95     49     322.627     590.810
803        95     50     329.690     589.449
804        95     51     328.242     587.149
805        95     52     329.995     583.857
806        95     53     338.425     569.626
807        95     54     332.474     559.578
808        95     55     321.515     546.285
809        95     56     321.805     554.454
810        95     57     320.192     554.939
811        95     58     316.052     553.899
812        95     59     307.356     565.245
813        95     60     301.029     572.995
814        95     61     307.693     582.451
815        95     62     307.452     588.939
816        95     63     283.197     592.188
817        95     64     284.970     603.291
818        95     65     283.534     610.776
819       114     66     278.792     636.954
820       114     67     280.984     633.102
821       114     68     288.184     635.231
822       114     69     289.798     631.468
823       114     70     293.926     636.175
824       114     71     289.989     627.029
825       114     72     297.530     624.730
826       114     73     301.893     612.582
827       114     74     293.179     604.650
828       114     75     301.536     597.425
829       114     76     289.440     612.111
830       114     77     287.044     597.260
831       114     78     275.479     587.051
832       114     79     275.928     577.062
833       114     80     274.728     586.927
834       114     81     283.201     598.696
835       114     82     276.095     607.060
836       114     83     278.803     593.970
837       114     84     289.801     587.087
838       114     85     296.301     573.259
839       114     89     298.871     566.402
840       114     90     284.902     561.646
841       114     91     289.091     566.565
842       114     92     297.142     561.497
843       114     94     309.025     560.994
844       114     95     316.228     562.417
845       119     69     244.854     559.388
846       119     70     245.330     553.776
847       119     71     240.502     553.081
848       119     72     242.977     552.256
849       119     73     225.912     547.244
850       119     74     220.922     538.724
851       119     75     207.284     547.154
852       119     76     206.314     547.243
853       119     77     209.657     542.967
854       119     78     203.119     560.955
855       119     79     200.244     546.997
856       119     80     214.226     562.242
857       119     81     211.598     560.981
858       119     82     210.921     561.854
859       119     83     195.875     560.001
860       119     84     176.883     555.950
861       119     85     177.655     562.501
862       119     86     171.411     565.271
863       119     87     183.181     550.109
864       119     88     166.381     551.670
865       119     89     166.399     542.740
866       119     90     166.597     539.433
867       119     91     169.683     538.359
868       119     92     179.254     535.435
869       119     93     173.689     534.681
870       119     94     175.776     535.151
871       119     95     171.376     538.603
872       119     96     178.505     534.217