	TRACK_ID	FRAME	POSITION_X	POSITION_Y
0	0	0	148.071	108.964
1	0	1	151.822	98.149
2	0	2	151.518	106.219
3	0	3	153.487	113.10700000000001
4	0	5	163.379	96.31
5	0	6	146.681	114.209
6	0	7	154.144	107.49700000000001
7	0	8	141.048	113.135
8	0	10	143.931	118.485
9	0	11	149.564	140.234
10	0	12	150.54	145.578
11	0	13	160.347	152.439
12	0	14	163.123	154.184
13	0	16	158.138	164.82
14	0	17	141.571	156.32399999999998
15	0	18	146.68200000000002	149.224
16	0	19	158.57399999999998	149.907
17	0	21	169.593	144.453
18	0	22	169.274	134.66299999999998
19	0	23	192.45	131.731
20	0	24	189.743	136.22
21	0	25	182.917	147.108
22	0	26	169.938	157.673
23	0	27	166.96	157.162
24	0	28	177.38099999999997	149.322
25	0	29	182.111	158.958
26	5	0	590.2719999999999	255.954
27	5	1	582.864	254.262
28	5	2	593.347	259.39
29	5	3	591.148	263.637
30	5	4	582.979	280.003
31	5	5	571.497	290.01599999999996
32	5	6	568.6030000000001	291.04400000000004
33	5	7	559.504	282.973
34	5	8	548.638	279.004
35	5	10	525.996	284.7
36	5	11	513.909	283.801
37	5	12	510.398	281.684
38	5	13	493.244	278.92400000000004
39	5	14	491.86699999999996	271.502
40	5	15	495.779	264.183
41	5	16	500.37699999999995	252.50099999999998
42	5	17	508.809	256.606
43	5	18	522.156	249.248
44	5	19	536.241	238.955
45	5	20	545.1469999999999	230.796
46	5	21	544.2130000000001	221.912
47	5	22	559.499	213.90400000000002
48	5	23	569.675	209.451
49	5	24	568.679	206.213
50	5	25	570.903	198.885
51	6	0	554.84	261.983
52	6	1	559.375	238.582
53	6	2	559.231	239.90200000000002
54	6	3	558.337	240.685
55	6	4	556.394	240.347
56	6	5	552.576	245.248
57	6	6	548.865	246.433
58	6	7	541.019	248.14700000000002
59	6	8	551.93	245.855
60	6	9	529.889	248.01
61	6	10	530.529	247.981
62	6	11	528.433	245.423
63	6	12	528.896	247.58700000000002
64	6	13	537.7230000000001	246.908
65	6	14	538.944	244.285
66	6	15	536.219	251.387
67	6	16	534.22	251.71200000000002
68	6	17	540.732	243.81799999999998
69	6	18	536.677	240.898
70	6	19	551.936	238.37
71	6	20	559.515	232.78400000000002
72	6	21	557.11	214.97799999999998
73	6	22	566.731	205.628
74	6	23	581.994	200.671
75	6	24	572.0459999999999	192.007
76	6	25	572.4209999999999	187.34400000000002
77	6	26	583.8	181.255
78	6	27	579.614	177.243
79	6	28	574.129	156.055
80	6	29	574.0	153.67
81	6	30	577.504	151.996
82	6	31	572.535	147.46200000000002
83	6	32	579.7280000000001	149.975
84	6	33	568.383	151.695
85	9	0	179.192	284.77
86	9	1	181.368	292.014
87	9	2	198.417	293.754
88	9	3	197.489	292.562
89	9	4	190.983	301.694
90	9	5	195.645	312.769
91	9	6	208.96900000000002	310.043
92	9	7	210.815	316.843
93	9	8	214.83	310.1
94	9	9	213.933	310.767
95	9	10	215.81099999999998	307.882
96	9	11	208.297	308.095
97	9	12	203.737	307.955
98	9	13	208.47	305.422
99	9	14	200.108	297.664
100	9	15	199.71400000000003	299.302
101	9	16	204.06	301.595
102	9	17	209.032	285.243
103	9	18	216.988	290.92900000000003
104	9	19	226.851	289.04200000000003
105	9	20	229.22299999999998	279.32099999999997
106	9	21	230.476	266.748
107	9	22	233.0	269.621
108	9	23	241.393	258.177
109	9	24	239.858	256.328
110	9	25	233.19799999999998	254.981
111	9	28	223.01	267.308
112	9	29	224.926	263.911
113	9	31	231.93599999999998	272.095
114	9	32	241.21099999999998	274.118
115	10	0	587.475	286.572
116	10	1	603.581	271.95099999999996
117	10	2	600.3290000000001	276.91
118	10	3	604.0880000000001	283.249
119	10	4	600.75	289.086
120	10	5	592.867	299.051
121	10	6	582.221	299.879
122	10	7	572.41	287.587
123	10	8	566.533	278.26
124	10	9	558.631	281.379
125	10	10	542.0409999999999	293.95799999999997
126	10	11	528.45	304.38599999999997
127	10	12	531.822	317.189
128	10	13	541.488	331.426
129	10	14	539.813	334.644
130	10	15	530.4169999999999	338.60400000000004
131	10	16	523.744	344.17400000000004
132	10	17	522.622	355.401
133	10	18	521.455	362.838
134	10	19	520.59	353.647
135	10	20	517.905	351.12199999999996
136	10	21	518.477	360.161
137	10	22	517.83	369.598
138	10	23	518.0980000000001	372.875
139	10	24	512.835	383.23
140	10	25	509.55800000000005	391.93300000000005
141	10	26	504.033	400.501
142	10	27	503.44	414.089
143	10	28	502.89300000000003	423.31800000000004
144	10	29	504.54400000000004	430.116
145	10	30	493.79400000000004	435.814
146	10	31	490.319	442.759
147	10	32	486.585	448.793
148	10	33	493.652	454.62800000000004
149	10	34	494.24800000000005	460.158
150	10	35	497.224	460.91
151	10	36	501.329	468.914
152	10	37	512.498	479.905
153	10	38	519.465	487.079
154	10	39	518.091	485.17199999999997
155	10	40	514.707	481.80400000000003
156	10	41	509.209	473.995
157	10	42	497.86800000000005	466.277
158	10	43	493.006	463.145
159	10	44	491.726	460.827
160	10	45	487.084	460.04
161	10	46	488.68800000000005	457.962
162	10	47	491.159	472.226
163	10	48	490.095	470.017
164	10	49	492.44199999999995	463.342
165	10	50	488.376	472.55699999999996
166	10	51	485.94599999999997	481.108
167	10	52	482.944	483.64300000000003
168	10	53	483.162	479.51800000000003
169	10	54	482.63	485.14
170	10	55	483.384	487.164
171	10	56	478.72900000000004	498.009
172	10	57	477.836	494.68699999999995
173	10	58	485.584	480.869
174	10	59	486.93	481.014
175	10	60	488.42900000000003	481.186
176	10	61	487.084	480.499
177	10	62	489.98199999999997	478.619
178	10	63	486.09	477.806
179	10	64	487.11300000000006	481.76099999999997
180	10	65	493.445	480.241
181	10	66	490.661	481.89300000000003
182	10	67	485.675	480.949
183	10	68	485.4	482.316
184	10	69	488.68800000000005	480.26
185	10	70	488.221	483.213
186	10	71	485.285	478.36699999999996
187	10	72	472.972	478.75800000000004
188	10	73	459.559	472.77
189	10	74	457.105	476.716
190	10	75	462.084	479.036
191	10	76	460.69300000000004	478.57
192	10	77	459.97900000000004	478.311
193	10	78	460.93699999999995	478.246
194	10	79	461.44199999999995	480.75300000000004
195	10	80	460.76199999999994	479.13300000000004
196	10	81	461.69300000000004	471.086
197	10	82	461.13	470.337
198	10	83	466.074	467.335
199	10	84	468.935	452.55199999999996
200	10	85	462.49300000000005	450.175
201	10	86	471.519	450.673
202	10	87	470.295	452.48900000000003
203	10	88	469.499	452.69699999999995
204	10	89	467.98400000000004	450.35699999999997
205	10	90	465.223	449.671
206	10	91	448.32099999999997	445.22
207	10	92	459.45300000000003	435.88699999999994
208	10	93	460.235	433.73900000000003
209	10	94	449.392	420.849
210	10	95	454.712	419.773
211	10	96	459.629	426.445
212	11	0	225.22299999999998	292.71
213	11	1	205.433	285.998
214	11	2	197.24200000000002	278.127
215	11	3	199.543	279.817
216	11	4	201.96200000000002	289.797
217	11	5	205.079	295.492
218	11	6	208.49200000000002	295.411
219	11	7	215.582	298.256
220	11	8	208.185	287.069
221	11	9	209.481	291.259
222	11	10	207.217	290.036
223	11	11	215.917	289.284
224	11	12	212.247	288.843
225	11	13	214.96900000000002	286.594
226	11	14	216.50099999999998	285.905
227	11	15	210.77	281.77299999999997
228	11	16	211.773	284.695
229	11	17	217.886	269.39799999999997
230	11	18	215.787	269.848
231	11	19	215.516	271.622
232	11	20	213.72099999999998	270.107
233	11	21	211.24200000000002	264.462
234	11	22	214.317	268.0
235	11	23	226.03099999999998	267.41700000000003
236	11	24	225.553	262.73400000000004
237	11	25	232.245	276.907
238	11	26	218.543	277.276
239	11	27	222.873	281.353
240	11	28	219.609	287.108
241	11	29	224.225	281.4
242	11	30	217.438	278.192
243	11	31	223.209	267.466
244	11	32	226.937	267.467
245	11	33	225.891	264.532
246	11	34	231.213	253.834
247	11	35	220.042	263.629
248	11	37	205.505	260.112
249	11	38	202.84400000000002	258.921
250	11	39	204.19299999999998	254.968
251	11	40	196.896	254.636
252	11	41	201.03	255.502
253	11	42	198.02200000000002	253.918
254	11	43	199.95	251.27599999999998
255	11	44	197.43400000000003	251.16
256	11	45	203.05700000000002	248.299
257	11	46	198.28400000000002	248.46400000000003
258	11	47	193.843	248.4
259	11	48	201.834	245.981
260	11	49	202.82299999999998	230.72400000000002
261	11	50	207.831	237.488
262	11	51	205.53099999999998	230.417
263	11	52	206.015	230.11900000000003
264	11	53	204.36599999999999	234.845
265	11	54	212.88099999999997	219.392
266	11	55	212.252	220.43400000000003
267	11	56	212.855	221.97400000000002
268	11	59	211.28	233.59799999999998
269	11	60	208.34799999999998	233.261
270	11	61	215.68099999999998	229.108
271	11	62	222.58900000000003	236.875
272	11	63	216.18	230.68099999999998
273	11	64	214.095	232.30900000000003
274	11	65	216.567	231.332
275	11	66	212.40900000000002	227.197
276	11	67	205.543	219.548
277	11	68	205.887	216.45
278	11	69	214.46900000000002	207.803
279	11	70	217.643	212.65200000000002
280	11	71	219.553	215.52200000000002
281	11	72	236.303	215.68099999999998
282	11	73	242.231	217.15599999999998
283	11	74	241.55	215.86700000000002
284	11	75	238.735	200.167
285	11	76	246.398	199.45
286	11	77	232.207	208.572
287	11	78	223.142	208.52900000000002
288	11	79	237.253	193.58700000000002
289	14	0	292.254	310.788
290	14	1	281.543	303.54400000000004
291	14	2	271.01099999999997	296.849
292	14	3	268.546	298.94599999999997
293	14	4	270.272	304.772
294	14	5	269.319	301.005
295	14	6	265.73900000000003	301.682
296	14	7	264.084	302.122
297	14	8	264.204	301.358
298	14	9	258.954	301.937
299	14	10	261.866	300.121
300	14	11	265.506	297.173
301	14	12	266.678	293.492
302	14	13	271.154	278.874
303	14	14	270.358	278.488
304	14	15	270.258	279.121
305	14	16	270.254	279.328
306	14	17	270.015	280.07
307	14	18	269.655	281.625
308	14	19	269.863	282.625
309	14	20	268.698	281.76099999999997
310	14	21	269.122	282.967
311	14	22	268.89599999999996	281.969
312	14	23	268.137	280.927
313	14	24	269.411	281.807
314	14	25	268.808	280.692
315	14	26	267.837	280.06
316	14	27	267.56	281.166
317	14	28	268.164	281.69599999999997
318	14	29	268.337	282.048
319	14	30	268.39599999999996	282.181
320	14	31	268.277	283.055
321	14	32	271.95599999999996	268.684
322	14	33	274.743	267.762
323	14	34	275.541	267.514
324	14	35	274.785	267.635
325	14	36	274.779	267.529
326	14	37	276.046	266.944
327	14	38	268.868	271.578
328	14	39	271.70599999999996	269.68
329	14	40	272.329	273.30400000000003
330	14	41	274.05400000000003	274.257
331	14	42	273.635	275.873
332	14	43	273.249	275.793
333	14	44	272.795	272.80400000000003
334	14	45	274.442	267.482
335	14	46	274.64599999999996	266.981
336	14	47	282.738	266.006
337	14	48	273.758	268.355
338	14	49	279.871	266.683
339	14	50	274.275	267.721
340	14	51	272.4	268.171
341	14	52	273.129	267.277
342	14	53	273.176	272.131
343	14	54	272.73	275.928
344	14	55	270.816	279.524
345	14	56	271.868	275.375
346	14	57	271.736	274.947
347	14	58	272.399	271.43
348	14	59	273.01599999999996	273.846
349	14	60	273.637	276.91200000000003
350	14	61	274.89099999999996	272.172
351	14	62	274.35900000000004	271.968
352	14	63	274.882	273.22
353	14	64	272.844	275.26
354	14	65	272.954	278.186
355	14	66	273.608	277.37
356	14	67	275.142	276.0
357	14	68	275.802	278.281
358	14	69	273.922	277.026
359	14	70	272.883	275.482
360	14	71	273.024	279.01
361	14	72	272.39799999999997	280.153
362	14	73	273.04900000000004	276.55400000000003
363	14	74	274.698	272.97700000000003
364	14	75	274.57599999999996	272.95099999999996
365	14	76	275.031	277.845
366	14	77	272.755	278.383
367	14	78	272.262	275.926
368	14	79	271.555	275.05
369	14	80	272.756	274.019
370	14	81	272.659	274.97700000000003
371	14	82	276.45099999999996	276.783
372	14	83	279.705	274.84
373	14	84	278.51099999999997	276.58
374	14	85	279.66900000000004	276.67900000000003
375	14	86	278.408	276.863
376	14	87	284.995	278.42400000000004
377	14	88	281.014	275.95799999999997
378	14	89	283.597	278.58299999999997
379	14	90	282.941	280.272
380	15	0	371.80800000000005	367.86199999999997
381	15	1	385.99199999999996	379.695
382	15	2	389.289	381.916
383	15	3	377.67800000000005	369.69300000000004
384	15	4	369.406	364.661
385	15	5	367.186	365.892
386	15	6	368.673	364.70099999999996
387	15	7	370.327	364.126
388	15	8	369.05300000000005	366.958
389	15	9	367.76300000000003	359.131
390	15	10	367.499	361.58
391	15	11	366.76	364.32099999999997
392	15	12	367.647	367.26199999999994
393	15	13	369.52	369.29
394	15	14	372.272	374.25
395	15	16	364.306	384.83099999999996
396	15	17	378.95	375.526
397	15	21	375.50199999999995	380.085
398	15	22	373.274	378.329
399	15	23	387.726	376.029
400	18	0	379.251	587.3580000000001
401	18	1	379.923	589.865
402	18	2	380.466	590.1659999999999
403	18	3	380.24	590.165
404	18	4	382.315	591.2040000000001
405	18	5	389.89	586.638
406	18	6	393.097	583.099
407	18	7	372.444	578.129
408	18	8	379.94800000000004	574.646
409	18	9	357.594	563.92
410	18	10	352.707	570.4159999999999
411	18	11	356.038	568.773
412	18	12	351.29400000000004	567.474
413	18	13	346.46	569.401
414	18	14	349.006	569.341
415	18	15	346.311	572.724
416	18	16	351.145	573.08
417	18	17	351.63599999999997	572.615
418	18	18	342.274	577.835
419	18	19	335.43699999999995	566.189
420	18	20	343.42400000000004	555.2180000000001
421	18	21	348.45099999999996	552.302
422	18	22	348.06	552.071
423	18	23	351.897	546.765
424	18	24	356.85400000000004	546.572
425	18	25	346.51199999999994	550.9730000000001
426	18	26	350.89599999999996	547.305
427	18	27	339.43699999999995	562.2130000000001
428	18	28	335.07300000000004	569.164
429	18	29	339.285	572.04
430	18	30	336.43300000000005	555.869
431	18	31	339.591	556.415
432	18	32	346.445	551.876
433	18	33	341.717	551.415
434	18	34	338.051	553.351
435	18	35	344.406	556.346
436	18	36	351.56699999999995	546.524
437	19	0	150.041	590.381
438	19	1	150.034	589.243
439	19	2	151.056	588.498
440	19	3	150.83	587.242
441	19	4	150.924	588.229
442	19	5	149.576	587.064
443	19	6	151.286	587.154
444	19	7	150.78799999999998	586.56
445	19	8	150.373	585.8480000000001
446	19	9	151.518	583.54
447	19	10	149.66	585.4540000000001
448	19	11	149.918	586.8919999999999
449	19	12	148.16899999999998	585.311
450	19	13	149.486	585.003
451	19	14	148.16899999999998	580.601
452	19	15	148.542	573.882
453	19	16	151.6	578.206
454	19	17	152.183	579.373
455	19	18	150.497	582.715
456	19	19	149.064	586.548
457	19	20	148.366	586.503
458	19	21	150.981	583.56
459	19	22	148.941	585.601
460	19	23	147.714	585.774
461	19	24	150.013	586.005
462	19	25	149.019	588.363
463	19	26	146.953	587.328
464	19	27	148.107	585.198
465	19	28	148.798	589.7719999999999
466	19	29	143.451	593.071
467	19	30	148.621	590.406
468	19	31	148.754	589.664
469	19	32	148.665	590.609
470	19	33	148.967	589.036
471	19	34	148.908	590.212
472	19	35	148.265	588.067
473	19	36	149.26	590.4580000000001
474	19	37	149.045	590.173
475	19	38	148.762	588.509
476	19	39	148.964	589.369
477	19	40	148.946	588.4
478	19	41	154.082	587.411
479	19	42	157.156	586.2330000000001
480	19	43	158.785	586.561
481	19	44	158.708	585.9
482	19	45	159.644	586.494
483	19	46	158.268	587.284
484	19	47	158.01	587.836
485	19	48	158.236	588.38
486	19	49	158.276	589.331
487	19	50	157.342	587.304
488	19	51	157.94	586.596
489	19	52	157.07299999999998	586.739
490	19	53	157.56	586.745
491	19	54	159.903	586.804
492	19	55	163.497	588.4680000000001
493	19	56	157.475	581.925
494	19	57	160.405	575.102
495	19	58	150.111	563.322
496	19	59	150.058	566.306
497	19	60	150.779	566.178
498	19	61	150.95600000000002	563.325
499	19	62	148.597	566.28
500	19	63	150.981	565.617
501	19	64	150.125	565.944
502	19	65	149.686	567.9490000000001
503	19	66	150.722	565.83
504	19	67	150.755	565.685
505	19	68	150.336	568.069
506	19	69	152.16899999999998	566.798
507	19	70	140.214	561.263
508	19	71	139.816	552.794
509	19	72	138.109	552.9
510	19	73	142.379	552.948
511	30	3	456.496	560.281
512	30	4	469.68800000000005	548.664
513	30	5	454.60400000000004	540.124
514	30	6	443.17800000000005	524.878
515	30	7	440.846	516.0830000000001
516	30	8	460.647	511.474
517	30	9	471.61800000000005	503.07199999999995
518	30	12	483.64	501.061
519	30	13	478.92699999999996	476.88300000000004
520	30	14	492.53	485.655
521	30	15	491.311	477.097
522	30	16	491.165	476.319
523	30	17	480.506	484.069
524	30	18	465.12199999999996	490.221
525	30	19	476.41	491.902
526	30	20	494.421	495.338
527	30	21	487.205	503.14300000000003
528	30	22	487.31300000000005	527.839
529	30	23	484.975	519.138
530	30	24	475.059	511.543
531	30	25	473.305	520.557
532	30	26	461.483	521.6419999999999
533	30	27	443.496	535.882
534	30	28	425.163	531.7669999999999
535	39	7	229.102	306.897
536	39	8	225.118	291.647
537	39	9	227.982	295.28
538	39	10	226.21	289.178
539	39	11	226.253	298.455
540	39	12	221.642	296.619
541	39	13	227.65900000000002	296.077
542	39	16	224.03799999999998	293.10400000000004
543	39	17	228.421	275.965
544	39	18	231.78799999999998	276.634
545	39	19	234.34900000000002	270.54
546	39	20	226.53900000000002	257.098
547	39	21	219.394	248.13
548	39	22	220.395	251.977
549	39	23	221.671	250.157
550	39	24	219.132	246.162
551	39	25	221.832	260.585
552	39	26	224.938	257.847
553	39	27	231.202	262.66900000000004
554	39	28	231.64	271.68
555	39	29	233.547	259.552
556	39	30	230.22099999999998	260.132
557	39	31	231.0	251.43
558	39	32	237.387	254.361
559	39	33	238.463	249.479
560	39	34	238.035	232.958
561	39	35	234.666	243.945
562	39	36	229.877	243.98
563	39	37	226.525	260.168
564	39	38	221.774	255.90400000000002
565	39	39	214.36	235.005
566	39	40	213.46200000000002	243.81400000000002
567	39	41	211.821	241.299
568	39	42	212.13299999999998	239.833
569	39	43	215.01	237.937
570	39	44	211.835	236.66299999999998
571	39	45	208.59400000000002	227.613
572	39	46	206.403	229.9
573	39	47	212.81	236.49200000000002
574	39	48	218.676	230.65900000000002
575	39	49	218.44400000000002	219.275
576	39	50	219.563	220.82
577	39	51	220.36	216.77200000000002
578	39	52	218.976	216.632
579	39	53	213.56400000000002	217.47299999999998
580	39	54	218.225	201.388
581	39	55	220.44	205.02900000000002
582	39	56	219.713	202.59799999999998
583	39	57	221.46099999999998	195.84099999999998
584	39	58	226.71599999999998	196.59599999999998
585	49	11	557.86	35.435
586	49	12	555.759	38.471
587	49	13	532.945	33.003
588	49	14	521.936	31.767
589	49	15	518.561	32.787
590	49	16	526.4169999999999	19.914
591	49	17	521.389	10.785
592	49	18	522.6	0.0
593	49	19	524.177	6.982
594	49	20	502.45	0.0
595	49	21	497.25	0.0
596	49	22	499.70300000000003	9.88
597	49	23	498.533	25.374000000000002
598	49	24	495.651	30.035
599	49	25	495.26199999999994	32.468
600	49	26	489.33099999999996	49.85
601	49	27	477.796	52.919
602	49	28	478.702	51.586999999999996
603	49	29	477.036	58.74
604	49	30	477.543	59.471000000000004
605	49	31	490.39099999999996	49.254
606	49	32	505.83099999999996	41.751999999999995
607	49	33	521.302	40.461999999999996
608	49	34	535.214	38.412
609	49	35	548.556	36.454
610	49	36	544.096	28.839000000000002
611	49	37	547.414	25.593000000000004
612	49	38	541.793	15.767000000000001
613	49	39	545.582	19.847
614	49	40	552.172	19.705
615	49	41	540.918	30.284000000000002
616	49	42	525.488	38.225
617	49	43	512.644	40.716
618	49	44	500.06	41.853
619	49	45	486.98	47.809
620	49	46	479.084	49.361000000000004
621	49	47	485.881	47.68899999999999
622	49	48	489.839	46.086000000000006
623	49	49	497.72900000000004	49.913999999999994
624	49	50	510.99	49.18899999999999
625	49	51	489.39599999999996	39.474000000000004
626	49	52	484.32800000000003	18.894000000000002
627	49	53	486.67900000000003	15.254000000000001
628	56	13	256.899	274.756
629	56	14	258.73400000000004	270.32599999999996
630	56	15	257.663	272.009
631	56	16	258.643	271.013
632	56	17	261.062	269.132
633	56	18	259.587	272.862
634	56	19	261.685	272.013
635	56	20	263.36400000000003	269.961
636	56	21	266.9	270.223
637	56	22	262.63599999999997	270.856
638	56	23	261.594	270.57599999999996
639	56	24	264.012	271.095
640	56	25	267.267	271.288
641	56	26	266.35	267.715
642	56	27	264.88599999999997	269.024
643	56	28	267.634	269.08099999999996
644	56	29	269.431	269.198
645	56	30	267.994	268.28
646	56	31	266.118	269.91200000000003
647	56	32	282.156	260.238
648	56	33	287.51099999999997	265.539
649	56	34	288.645	266.11
650	56	35	288.257	266.878
651	56	36	288.094	268.17400000000004
652	56	37	288.692	265.36400000000003
653	56	38	280.626	261.29900000000004
654	56	39	284.481	261.921
655	56	40	278.763	262.05
656	56	41	276.966	264.376
657	56	42	274.962	265.534
658	56	43	276.177	263.15
659	56	44	281.123	261.97
660	56	45	289.47	264.017
661	56	46	289.918	266.927
662	56	47	294.94599999999997	276.16200000000003
663	56	48	290.089	269.45099999999996
664	56	49	293.202	272.993
665	56	50	289.464	266.906
666	56	51	286.747	263.85900000000004
667	56	52	286.564	261.589
668	56	53	278.138	262.738
669	56	54	276.82099999999997	264.51
670	56	55	277.35200000000003	265.781
671	56	56	278.322	266.89799999999997
672	56	57	270.933	265.058
673	56	58	276.753	260.518
674	56	59	276.416	262.428
675	56	60	278.811	261.121
676	56	61	273.45	262.14099999999996
677	56	62	276.187	260.187
678	56	63	280.139	260.45
679	56	64	278.619	265.079
680	56	65	274.851	264.939
681	56	66	276.875	263.982
682	56	67	277.027	265.298
683	56	68	275.966	267.803
684	56	69	273.971	265.628
685	56	70	274.71299999999997	264.384
686	56	71	274.811	265.845
687	56	72	276.112	267.085
688	56	73	275.78700000000003	266.78
689	56	74	279.14599999999996	264.212
690	56	75	279.001	264.784
691	56	76	274.69	264.871
692	56	77	274.189	268.307
693	56	78	279.817	263.587
694	56	79	281.337	263.134
695	56	80	281.117	263.659
696	56	81	284.04400000000004	261.413
697	75	26	474.208	52.463
698	75	27	460.975	50.205
699	75	28	462.525	54.777
700	75	29	459.077	61.29
701	75	30	457.776	54.06399999999999
702	75	31	470.767	44.928000000000004
703	75	32	488.375	41.04
704	75	33	501.855	38.15
705	75	34	515.6519999999999	34.597
706	75	35	535.746	20.57
707	75	36	529.956	12.287
708	75	37	535.345	7.535
709	75	38	528.45	0.0
710	75	39	538.85	0.0
711	75	40	543.4	0.0
712	75	41	542.749	8.276
713	75	42	538.592	18.979
714	75	43	526.879	28.346
715	75	44	515.558	36.611
716	75	45	500.055	39.477
717	75	46	495.265	41.476000000000006
718	75	47	500.569	38.418
719	75	48	505.005	38.457
720	75	49	512.255	41.036
721	75	50	517.118	34.349000000000004
722	75	51	497.519	28.302
723	75	52	494.726	13.338
724	75	53	497.61699999999996	11.248
725	75	54	494.961	16.124000000000002
726	75	55	494.995	10.27
727	75	56	496.704	13.888
728	75	57	501.56699999999995	9.529
729	75	58	511.55	0.0
730	75	60	518.7	0.0
731	75	61	530.4	0.0
732	75	63	543.985	12.214
733	75	64	553.263	15.878
734	75	65	554.2080000000001	29.594
735	75	66	559.2080000000001	24.421999999999997
736	89	31	454.716	465.57800000000003
737	89	32	440.461	461.95099999999996
738	89	33	453.529	469.361
739	89	34	456.546	459.981
740	89	35	457.574	460.236
741	89	36	449.55300000000005	462.63699999999994
742	89	37	431.19699999999995	462.05699999999996
743	89	38	410.814	459.968
744	89	39	409.809	443.415
745	89	40	399.33099999999996	461.33099999999996
746	89	41	394.444	453.54400000000004
747	89	42	386.04	430.463
748	89	46	381.006	447.87
749	89	47	393.23900000000003	454.11300000000006
750	89	48	410.414	436.416
751	89	49	422.64099999999996	432.566
752	89	50	439.908	443.784
753	89	51	448.338	440.469
754	89	52	449.915	429.574
755	89	53	450.152	424.327
756	89	54	448.32300000000004	408.62
757	89	55	467.09	397.86199999999997
758	89	56	482.283	407.24699999999996
759	89	57	482.306	407.305
760	89	58	477.811	395.897
761	89	59	469.032	393.236
762	92	33	218.02	249.233
763	92	34	218.975	241.331
764	92	35	213.136	247.79
765	92	36	218.96099999999998	236.035
766	92	37	211.72	242.99599999999998
767	92	38	206.687	240.86900000000003
768	92	39	194.657	238.954
769	92	40	193.239	236.55
770	92	41	189.378	242.96599999999998
771	92	42	190.72	237.377
772	92	43	194.43200000000002	233.94099999999997
773	92	44	190.15200000000002	235.53
774	92	45	189.47299999999998	235.738
775	92	46	185.18900000000002	236.68099999999998
776	92	47	190.475	231.72299999999998
777	92	48	197.018	228.335
778	92	49	196.56400000000002	217.738
779	92	50	198.513	223.38299999999998
780	92	51	198.273	215.565
781	92	52	197.373	218.00900000000001
782	92	53	193.81599999999997	222.095
783	92	54	198.081	212.253
784	92	55	199.579	211.518
785	92	56	199.612	210.93900000000002
786	92	57	201.18099999999998	206.28900000000002
787	92	58	209.54	209.269
788	92	59	196.66299999999998	222.825
789	92	60	192.357	224.646
790	92	61	203.084	217.294
791	92	62	210.898	226.50099999999998
792	92	63	205.734	215.865
793	92	64	210.19799999999998	216.308
794	92	65	204.96099999999998	217.453
795	92	66	197.968	216.666
796	92	67	188.89700000000002	210.033
797	92	68	189.745	208.347
798	92	69	202.317	198.058
799	92	70	208.002	199.418
800	92	71	214.926	206.50400000000002
801	96	34	352.102	229.55700000000002
802	96	35	351.958	229.93
803	96	36	346.65	227.149
804	96	37	340.848	228.12400000000002
805	96	38	342.406	233.922
806	96	39	341.32	232.27900000000002
807	96	40	340.407	231.27
808	96	41	341.874	232.58599999999998
809	96	42	341.346	231.926
810	96	43	340.908	231.308
811	96	44	341.789	232.49099999999999
812	96	45	342.971	233.646
813	96	46	341.847	233.016
814	96	47	341.588	234.59400000000002
815	96	48	344.405	235.875
816	96	49	343.461	236.095
817	96	50	343.785	236.93099999999998
818	96	51	342.93699999999995	234.315
819	96	52	342.579	232.56
820	96	53	342.594	230.924
821	96	54	341.786	232.037
822	96	55	342.38699999999994	231.555
823	96	56	340.999	230.30700000000002
824	96	57	340.597	230.72099999999998
825	96	58	339.205	234.50099999999998
826	96	59	343.759	234.511
827	96	60	343.598	236.954
828	96	61	345.375	236.138
829	96	62	344.486	238.549
830	96	63	340.316	236.08599999999998
831	96	64	341.504	239.451
832	96	65	341.033	238.22299999999998
833	96	66	343.68300000000005	234.81
834	96	67	341.961	235.176
835	96	68	341.19800000000004	237.47
836	96	69	340.341	236.02700000000002
837	96	70	341.00300000000004	238.808
838	96	71	340.475	235.94299999999998
839	96	72	342.962	240.232
840	96	73	342.483	237.717
841	96	74	343.48699999999997	240.03
842	96	75	348.82	235.62400000000002
843	96	76	343.31300000000005	236.342
844	96	77	348.645	235.231
845	96	78	344.92199999999997	233.33900000000003
846	96	79	347.49699999999996	230.73
847	96	80	341.36699999999996	232.887
848	96	81	341.611	234.737
849	96	82	346.724	237.037
850	96	83	336.00199999999995	238.109
851	96	84	342.849	232.794
852	96	85	343.034	239.06799999999998
853	96	86	340.333	239.27700000000002
854	96	87	321.44599999999997	236.268
855	96	88	329.22900000000004	242.882
856	96	89	331.08	238.204
857	96	90	330.24699999999996	242.55700000000002
858	96	91	329.06	240.359
859	96	92	328.644	241.98
860	96	93	330.779	255.80700000000002
861	96	94	325.251	256.401
862	96	95	323.26	257.623
863	96	96	321.673	251.88099999999997
864	101	38	267.934	109.389
865	101	39	268.10900000000004	109.759
866	101	40	267.997	109.34
867	101	41	268.067	109.02
868	101	42	268.014	109.68700000000001
869	101	46	268.188	109.89399999999999
870	101	47	268.401	110.39299999999999
871	101	48	268.29	111.149
872	101	49	268.274	111.319
873	101	50	268.439	110.56700000000001
874	101	51	268.238	109.962
875	101	52	268.126	109.335
876	101	53	268.192	108.65799999999999
877	101	54	267.938	109.10600000000001
878	101	55	268.078	109.213
879	101	56	268.09	109.17399999999999
880	101	57	268.08	109.36
881	101	58	268.447	109.00399999999999
882	101	59	268.322	109.56
883	101	60	268.245	109.82
884	101	61	268.531	109.588
885	101	62	268.32	110.113
886	101	63	268.413	109.98899999999999
887	101	64	268.433	110.061
888	101	65	268.348	110.26
889	101	66	268.41200000000003	110.17200000000001
890	101	67	268.35400000000004	110.337
891	101	68	268.278	110.745
892	101	69	268.317	110.654
893	101	70	268.369	110.445
894	101	71	268.365	110.11399999999999
895	101	72	268.25	109.95
896	101	73	268.23400000000004	110.459
897	101	74	268.362	110.24
898	101	75	268.118	110.302
899	101	76	267.971	111.04799999999999
900	101	77	267.845	110.869
901	101	78	268.237	110.53200000000001
902	101	79	268.303	110.25399999999999
903	101	80	268.134	110.266
904	101	81	268.335	110.32
905	101	82	268.093	110.471
906	101	83	268.245	110.285
907	101	84	268.183	110.31299999999999
908	101	85	268.058	110.54799999999999
909	101	86	268.35400000000004	110.369
910	101	87	268.282	110.5
911	101	88	274.193	101.882
912	101	90	277.842	113.529
913	101	91	272.418	131.088
914	103	37	421.759	362.32599999999996
915	103	38	426.413	363.23400000000004
916	103	39	419.695	373.25
917	103	40	427.844	373.23400000000004
918	103	41	428.67699999999996	372.945
919	103	42	439.051	366.472
920	103	43	427.842	365.35900000000004
921	103	44	431.42800000000005	367.045
922	103	45	441.135	371.517
923	103	46	426.295	353.584
924	103	47	426.142	360.05300000000005
925	103	48	429.87199999999996	361.865
926	103	50	437.147	368.902
927	103	51	432.241	363.048
928	103	52	433.47900000000004	373.986
929	103	53	426.87300000000005	369.00199999999995
930	103	55	433.23900000000003	361.955
931	103	56	436.528	356.155
932	103	57	433.64099999999996	353.49699999999996
933	103	58	436.04699999999997	350.19599999999997
934	103	59	435.64599999999996	347.663
935	103	60	433.778	349.33099999999996
936	103	61	443.04699999999997	354.94699999999995
937	103	64	427.41	367.93199999999996
938	103	65	407.839	376.579
939	103	66	408.36400000000003	376.283
940	103	67	409.651	372.76
941	103	68	406.185	372.465
942	103	69	401.059	372.665
943	108	42	133.799	104.97399999999999
944	108	43	128.273	125.766
945	108	44	113.14299999999999	113.324
946	108	45	116.95100000000001	131.45
947	108	46	133.342	130.971
948	108	47	121.119	118.37200000000001
949	108	48	130.15	135.608
950	108	49	135.086	135.388
951	108	50	143.298	134.65200000000002
952	108	51	146.585	134.688
953	108	52	138.687	148.328
954	108	53	139.871	142.886
955	108	54	140.877	145.753
956	108	55	139.4	148.365
957	108	56	132.79399999999998	157.97
958	108	57	118.126	150.85299999999998
959	108	58	112.117	144.502
960	108	59	107.791	150.214
961	108	60	115.318	140.197
962	108	61	116.79299999999999	140.871
963	108	62	113.494	144.924
964	108	63	112.975	143.83700000000002
965	108	64	130.80100000000002	156.106
966	108	65	120.241	156.909
967	108	66	128.565	154.889
968	108	67	121.446	160.105
969	108	68	123.818	150.032
970	108	69	124.083	149.931
971	108	70	138.925	154.454
972	108	71	141.043	142.033
973	108	72	142.583	144.239
974	108	73	144.44899999999998	141.44799999999998
975	108	74	163.487	138.409
976	108	75	165.13299999999998	135.97299999999998
977	110	41	441.341	383.077
978	110	42	451.01800000000003	378.881
979	110	43	437.787	376.95599999999996
980	110	44	441.624	381.68300000000005
981	110	45	447.82199999999995	387.409
982	110	47	433.73900000000003	374.16900000000004
983	110	48	433.784	379.028
984	110	49	448.903	384.37800000000004
985	110	50	450.60699999999997	380.852
986	110	51	442.846	377.67400000000004
987	110	52	449.11300000000006	383.10400000000004
988	110	53	438.14599999999996	381.658
989	110	54	455.534	380.921
990	110	55	435.199	378.025
991	110	56	430.12800000000004	370.958
992	110	57	425.76800000000003	369.161
993	110	58	422.964	362.592
994	110	59	422.769	359.659
995	110	60	425.56199999999995	363.917
996	110	61	434.213	364.787
997	110	62	434.522	370.056
998	110	63	442.228	374.19699999999995
999	110	64	428.3	378.48900000000003
1000	110	65	425.292	391.19800000000004
1001	110	66	430.88800000000003	382.76
1002	110	67	424.131	361.165
1003	110	68	421.584	359.26199999999994
1004	110	69	424.027	357.13599999999997
1005	110	70	440.09	358.235
1006	110	71	427.972	337.037
1007	110	72	414.153	352.92900000000003
1008	110	73	416.585	350.476
1009	110	74	410.465	347.55300000000005
1010	110	75	401.413	340.714
1011	110	76	405.415	341.07099999999997
1012	110	77	420.515	333.269
1013	115	44	552.607	126.825
1014	115	45	557.678	141.036
1015	115	46	557.153	137.244
1016	115	47	561.311	135.72299999999998
1017	115	48	561.6619999999999	128.27
1018	115	49	563.058	118.39299999999999
1019	115	50	566.055	123.665
1020	115	51	561.4069999999999	128.205
1021	115	52	565.635	118.44200000000001
1022	115	53	569.946	95.82600000000001
1023	115	54	567.12	76.2
1024	115	55	572.188	80.193
1025	115	56	570.399	83.259
1026	115	58	573.956	77.933
1027	115	59	580.859	63.985
1028	115	60	567.409	74.12
1029	115	61	568.0840000000001	70.993
1030	115	62	579.018	70.74600000000001
1031	115	63	574.975	65.642
1032	115	64	570.337	64.903
1033	115	65	572.918	63.19
1034	115	66	575.273	61.966
1035	115	67	591.49	63.551
1036	115	68	595.554	66.033
1037	115	69	609.418	72.637
1038	115	70	617.925	74.311
1039	115	71	632.638	73.86
1040	115	72	644.362	64.896
1041	115	73	633.7040000000001	55.961000000000006
1042	115	74	626.5880000000001	66.41
1043	115	75	625.64	67.275
1044	115	76	628.507	66.439
1045	115	77	618.597	63.67
1046	115	78	611.381	70.118
1047	118	45	118.757	315.692
1048	118	46	107.266	318.52299999999997
1049	118	47	121.626	319.986
1050	118	48	122.686	318.762
1051	118	49	122.113	319.057
1052	118	50	124.197	319.16
1053	118	51	125.81	317.945
1054	118	52	130.076	314.85200000000003
1055	118	53	123.39200000000001	317.915
1056	118	54	128.797	315.05
1057	118	55	140.901	306.875
1058	118	56	144.14600000000002	307.873
1059	118	57	141.149	307.48400000000004
1060	118	58	147.589	299.454
1061	118	59	155.55700000000002	312.216
1062	118	60	153.715	310.504
1063	118	61	161.621	299.83299999999997
1064	118	63	150.626	304.582
1065	118	64	155.939	307.578
1066	118	65	162.264	292.928
1067	118	66	169.17	286.781
1068	118	67	168.858	286.897
1069	118	68	151.18	285.47900000000004
1070	118	69	157.039	282.999
1071	118	70	148.319	276.402
1072	118	71	140.257	272.274
1073	118	72	140.963	276.079
1074	118	73	138.26	288.954
1075	118	76	143.703	294.76
1076	118	77	155.099	284.534
1077	118	78	164.57299999999998	277.319
1078	118	79	180.358	280.691
1079	118	80	164.16099999999997	291.26599999999996
1080	118	81	166.136	291.232
1081	118	82	162.899	290.627
1082	118	83	179.729	292.755
1083	118	84	189.322	293.85400000000004
1084	118	85	187.838	281.184
1085	118	86	186.47799999999998	288.332
1086	118	87	204.425	282.061
1087	126	52	157.036	188.025
1088	126	53	169.255	190.424
1089	126	54	163.594	185.717
1090	126	55	157.692	175.035
1091	126	59	147.739	190.85299999999998
1092	126	60	157.045	206.912
1093	126	61	164.377	214.763
1094	126	62	166.99200000000002	224.454
1095	126	63	169.554	224.907
1096	126	64	171.834	236.363
1097	126	65	176.62599999999998	239.408
1098	126	66	173.92700000000002	250.505
1099	126	67	176.39	252.358
1100	126	68	179.72099999999998	261.097
1101	126	69	183.542	264.938
1102	126	70	187.051	269.622
1103	126	71	180.063	272.737
1104	126	72	183.532	262.688
1105	126	73	178.03599999999997	263.33299999999997
1106	126	74	178.122	271.22900000000004
1107	126	77	171.99	290.39599999999996
1108	126	78	181.921	282.533
1109	126	79	188.738	294.705
1110	126	80	179.08700000000002	291.368
1111	126	81	183.41400000000002	299.361
1112	126	82	177.577	301.32599999999996
1113	126	83	185.53400000000002	308.248
1114	126	84	181.998	308.019
1115	126	85	187.683	297.092
1116	126	86	187.89700000000002	302.046
1117	126	89	186.074	289.064
1118	126	90	189.53400000000002	299.434
1119	126	91	193.24	314.221
1120	128	53	120.624	297.541
1121	128	54	121.479	294.392
1122	128	55	124.971	294.95099999999996
1123	128	56	130.565	290.992
1124	128	57	126.18700000000001	293.225
1125	128	58	136.099	288.48400000000004
1126	128	59	138.351	297.277
1127	128	60	143.528	302.724
1128	128	61	152.069	292.716
1129	128	62	151.714	294.85200000000003
1130	128	63	147.293	298.16200000000003
1131	128	64	141.501	295.884
1132	128	65	148.267	283.161
1133	128	66	148.811	273.918
1134	128	67	146.89600000000002	275.139
1135	128	68	142.69799999999998	271.915
1136	128	69	139.207	271.922
1137	128	70	138.084	265.033
1138	128	71	136.572	258.4
1139	128	72	139.869	261.472
1140	128	73	127.788	272.52
1141	128	74	115.55799999999999	269.816
1142	128	75	134.781	281.45799999999997
1143	128	76	138.017	283.385
1144	129	53	584.1569999999999	91.844
1145	129	54	582.544	74.91
1146	129	55	586.6659999999999	78.83
1147	129	56	582.109	83.095
1148	129	57	584.6419999999999	82.611
1149	129	58	586.637	76.193
1150	129	59	583.0930000000001	74.32300000000001
1151	129	60	580.306	79.084
1152	129	61	583.638	74.93
1153	129	62	586.738	76.80199999999999
1154	129	63	586.2230000000001	77.32300000000001
1155	129	64	582.2959999999999	76.907
1156	129	65	585.976	73.672
1157	129	66	582.669	76.28699999999999
1158	129	67	585.262	77.975
1159	129	68	586.014	75.351
1160	129	69	607.625	87.427
1161	129	70	620.576	90.70299999999999
1162	129	71	633.648	89.666
1163	129	72	636.975	79.381
1164	129	73	634.005	74.09
1165	129	74	630.799	81.91
1166	129	75	628.929	82.361
1167	129	76	624.564	78.506
1168	129	77	615.409	77.229
1169	129	78	611.991	80.934
1170	129	79	607.894	90.315
1171	129	80	607.874	92.992
1172	129	81	606.364	91.854
1173	129	82	610.861	89.54799999999999
1174	129	83	605.38	83.48200000000001
1175	129	84	599.844	76.66199999999999
1176	129	85	585.231	79.418
1177	129	86	580.179	81.142
1178	129	87	583.944	76.604
1179	129	88	581.25	73.532
1180	129	89	582.41	75.404
1181	129	90	578.722	72.116
1182	129	91	575.276	64.709
1183	129	92	569.756	62.238
1184	129	93	569.514	67.46300000000001
1185	129	94	586.576	76.26899999999999
1186	129	95	602.535	78.248
1187	129	96	610.276	81.749
1188	131	55	439.464	313.067
1189	131	56	437.902	307.441
1190	131	57	435.88300000000004	303.329
1191	131	58	446.75699999999995	298.573
1192	131	59	451.223	296.316
1193	131	60	446.39300000000003	303.957
1194	131	61	442.675	305.861
1195	131	62	437.605	305.999
1196	131	63	438.64599999999996	293.01599999999996
1197	131	64	431.18199999999996	291.644
1198	131	65	434.035	283.93
1199	131	66	429.545	283.348
1200	131	67	429.805	277.759
1201	131	68	421.2	274.211
1202	131	69	424.856	276.668
1203	131	70	427.994	278.882
1204	131	71	426.93300000000005	278.425
1205	131	72	432.217	275.862
1206	131	73	427.796	272.45799999999997
1207	131	74	425.27099999999996	277.0
1208	131	75	417.461	276.045
1209	131	76	419.245	277.911
1210	131	77	418.352	274.513
1211	131	78	426.63800000000003	268.501
1212	131	79	428.349	271.976
1213	131	80	418.939	266.478
1214	131	81	419.528	272.328
1215	131	82	414.31800000000004	277.547
1216	131	83	423.75300000000004	283.222
1217	131	84	440.01599999999996	286.132
1218	131	85	435.019	273.143
1219	131	86	441.135	272.293
1220	131	87	442.074	279.763
1221	131	88	442.773	274.119
1222	131	89	439.81800000000004	275.738
1223	131	90	442.32300000000004	284.12
1224	131	91	442.001	283.41200000000003
1225	131	92	444.084	286.379
1226	131	93	445.843	284.454
1227	131	94	441.139	274.33099999999996
1228	131	95	442.36199999999997	280.04900000000004
1229	131	96	439.724	280.545
1230	136	58	223.989	214.449
1231	136	59	216.541	215.081
1232	136	60	210.774	213.032
1233	136	61	223.106	208.27900000000002
1234	136	62	229.585	215.15200000000002
1235	136	63	227.921	212.98
1236	136	64	231.363	223.59900000000002
1237	136	65	227.658	213.768
1238	136	66	219.34599999999998	207.701
1239	136	67	207.614	198.889
1240	136	68	210.645	194.81599999999997
1241	136	69	220.27900000000002	183.46599999999998
1242	136	70	229.34599999999998	194.628
1243	136	71	232.736	198.516
1244	136	72	243.011	195.9
1245	136	73	246.037	196.61599999999999
1246	136	74	237.051	195.007
1247	136	75	231.63299999999998	182.735
1248	136	76	231.706	189.995
1249	136	77	231.87400000000002	189.4
1250	136	78	228.137	189.109
1251	136	79	227.105	182.062
1252	136	80	227.423	179.11900000000003
1253	136	81	222.78	180.926
1254	136	82	224.512	183.972
1255	136	83	220.019	173.18599999999998
1256	136	84	222.067	161.197
1257	136	85	208.87900000000002	150.055
1258	136	86	229.551	144.262
1259	136	87	234.515	135.751
1260	139	59	448.346	289.868
1261	139	60	447.07800000000003	292.858
1262	139	61	432.315	297.226
1263	139	62	428.99300000000005	298.312
1264	139	63	428.402	295.019
1265	139	64	420.43300000000005	295.965
1266	139	65	425.829	290.305
1267	139	66	424.534	293.406
1268	139	67	432.43	288.27099999999996
1269	139	68	426.36800000000005	285.122
1270	139	69	423.689	287.522
1271	139	70	423.285	289.997
1272	139	71	431.401	290.365
1273	139	72	427.902	287.197
1274	139	73	432.542	286.034
1275	139	74	432.61800000000005	289.478
1276	139	75	422.88199999999995	286.426
1277	139	78	436.98199999999997	279.63
1278	139	79	433.76099999999997	283.881
1279	139	80	426.91900000000004	271.256
1280	139	81	431.755	268.371
1281	139	82	433.324	275.375
1282	139	83	439.769	281.969
1283	139	84	448.68199999999996	284.97700000000003
1284	139	85	447.68300000000005	277.205
1285	139	86	455.712	283.64
1286	139	87	459.64099999999996	284.589
1287	139	88	454.74	276.29
1288	139	89	457.17800000000005	275.42
1289	139	90	463.211	285.599
1290	139	91	453.37699999999995	284.642
1291	139	92	455.39	284.625
1292	139	93	457.17800000000005	278.198
1293	139	94	454.61199999999997	274.259
1294	139	95	454.036	278.64
1295	139	96	446.3	270.277
1296	148	64	129.59799999999998	315.068
1297	148	65	138.593	309.131
1298	148	66	137.892	296.406
1299	148	67	136.60299999999998	294.717
1300	148	68	136.41299999999998	293.567
1301	148	69	140.572	290.902
1302	148	70	145.249	290.80400000000003
1303	148	71	141.317	290.60900000000004
1304	148	72	149.624	290.716
1305	148	73	144.868	302.77099999999996
1306	148	74	128.453	311.656
1307	148	75	129.335	312.901
1308	148	76	119.27	305.488
1309	148	77	122.066	308.492
1310	148	78	122.146	317.528
1311	148	79	132.69	316.517
1312	148	80	137.833	318.485
1313	148	81	150.496	329.906
1314	148	82	142.405	329.788
1315	148	83	136.187	323.94
1316	148	84	127.204	326.465
1317	148	85	125.32700000000001	321.318
1318	148	86	106.445	336.792
1319	148	87	103.635	333.968
1320	148	88	112.56700000000001	341.12800000000004
1321	148	89	112.73700000000001	351.82599999999996
1322	148	90	107.824	367.98900000000003
1323	148	91	116.45	366.536
1324	148	94	98.227	367.746
1325	148	95	96.625	376.41900000000004
1326	148	96	82.79899999999999	380.595
1327	156	69	590.055	547.62
1328	156	70	575.929	551.268
1329	156	71	581.711	553.623
1330	156	72	593.651	554.13
1331	156	73	591.977	560.984
1332	156	74	596.031	563.3380000000001
1333	156	75	598.941	566.014
1334	156	76	592.774	569.832
1335	156	77	590.39	576.1419999999999
1336	156	78	594.4730000000001	585.337
1337	156	79	589.0319999999999	583.789
1338	156	80	586.145	581.082
1339	156	81	572.839	575.0790000000001
1340	156	82	557.908	559.548
1341	156	83	549.111	563.087
1342	156	84	547.432	568.054
1343	156	85	545.255	567.799
1344	156	86	547.0319999999999	576.531
1345	156	87	545.557	573.13
1346	156	88	541.269	570.341
1347	156	89	544.271	575.134
1348	156	90	533.614	574.13
1349	156	91	535.919	574.302
1350	156	92	537.991	580.039
1351	156	93	535.6669999999999	579.68
1352	156	94	534.882	580.6569999999999
1353	156	95	540.019	576.989
1354	156	96	540.85	574.315
1355	157	69	509.6	0.0
1356	157	70	501.836	6.422999999999999
1357	157	71	495.796	10.809000000000001
1358	157	72	492.639	18.45
1359	157	73	497.277	12.122
1360	157	74	495.591	16.81
1361	157	75	497.844	15.383
1362	157	76	495.088	18.4
1363	157	77	488.661	25.851
1364	157	78	488.715	26.478
1365	157	79	485.575	27.064
1366	157	80	484.819	25.881999999999998
1367	157	81	481.106	16.561
1368	157	82	481.06300000000005	15.827
1369	157	83	474.371	14.636
1370	157	84	477.86800000000005	17.997
1371	157	85	478.61	19.258
1372	157	86	485.78	18.863
1373	157	87	488.673	19.924
1374	157	88	497.406	24.843000000000004
1375	157	89	500.64	26.351999999999997
1376	157	90	500.477	28.609
1377	157	91	501.00800000000004	33.308
1378	157	92	504.54400000000004	35.891
1379	157	93	509.57	40.416
1380	157	94	519.715	37.735
1381	157	95	526.722	32.486
1382	157	96	534.058	35.82
