	TRACK_ID	FRAME	POSITION_X	POSITION_Y
0	1	0	413.434	64.467
1	1	1	413.398	65.453
2	1	2	413.24	64.593
3	1	3	414.329	64.831
4	1	4	414.033	63.166000000000004
5	1	5	414.20599999999996	64.071
6	1	6	413.594	64.813
7	1	7	416.10900000000004	65.041
8	1	8	415.423	63.01
9	1	9	415.226	62.438
10	1	10	413.189	59.871
11	1	11	413.092	57.992
12	1	12	411.969	60.303000000000004
13	1	13	412.827	58.122
14	1	14	411.585	52.45
15	1	15	409.49300000000005	56.17100000000001
16	1	16	414.033	56.567
17	1	17	407.043	55.652
18	1	18	411.25800000000004	55.025
19	1	19	410.11199999999997	53.92
20	1	20	410.159	53.886
21	1	21	402.76800000000003	53.521
22	1	22	399.463	53.02
23	1	23	396.125	50.236999999999995
24	1	24	385.574	47.409
25	1	25	383.94199999999995	48.1
26	1	26	379.15	44.909
27	1	27	375.708	47.583999999999996
28	1	28	376.392	46.733999999999995
29	1	29	376.56699999999995	46.605
30	1	30	376.31	44.967
31	1	31	376.399	44.356
32	1	32	375.93800000000005	46.075
33	1	33	376.355	46.06
34	1	34	378.19	45.663000000000004
35	1	35	378.908	45.256
36	1	36	379.75	44.898999999999994
37	1	37	381.82	44.178000000000004
38	1	38	381.157	43.567
39	1	39	383.148	43.196000000000005
40	1	40	384.07800000000003	43.146
41	1	41	386.88	44.453
42	1	42	388.603	44.32899999999999
43	1	43	391.25300000000004	43.983000000000004
44	1	44	393.63199999999995	43.891999999999996
45	1	45	398.166	41.458
46	1	46	402.32300000000004	43.078
47	1	47	406.71	42.523
48	1	48	407.80199999999996	40.415
49	1	49	408.61199999999997	41.00899999999999
50	1	50	407.439	39.085
51	1	51	406.908	37.686
52	1	52	406.434	37.963
53	1	53	407.50800000000004	38.58
54	1	54	407.32199999999995	38.577
55	1	55	407.026	38.769
56	1	56	409.337	34.709
57	1	57	407.827	37.001
58	1	58	407.436	38.196999999999996
59	1	59	407.337	38.228
60	1	60	406.69599999999997	38.328
61	1	61	406.38599999999997	38.422
62	1	62	405.858	39.234
63	1	63	405.249	39.21
64	1	64	404.76599999999996	39.334
65	1	65	404.23199999999997	38.832
66	1	66	402.43800000000005	41.283
67	1	67	402.596	43.091
68	1	68	403.69599999999997	43.43
69	1	69	403.99800000000005	43.073
70	1	70	404.23	43.696999999999996
71	1	71	404.885	44.516000000000005
72	1	72	405.723	43.571000000000005
73	1	73	406.155	44.865
74	1	74	405.986	43.946999999999996
75	1	75	406.754	44.398
76	1	76	406.795	43.948
77	1	77	406.48	42.35
78	1	78	407.02099999999996	42.298
79	1	79	406.977	42.733000000000004
80	1	80	407.517	43.073
81	1	81	407.798	42.013999999999996
82	1	82	406.76099999999997	42.768
83	1	83	407.344	41.255
84	1	84	406.773	41.607
85	1	85	407.29900000000004	40.053000000000004
86	1	86	406.9	39.65
87	1	89	408.426	37.218
88	1	90	408.51099999999997	36.875
89	1	91	409.25300000000004	37.36
90	1	92	408.352	37.905
91	1	93	408.906	37.298
92	1	94	407.945	39.126
93	1	95	408.29400000000004	42.695
94	1	96	407.25199999999995	42.382
95	6	0	246.824	146.763
96	6	1	244.075	132.463
97	6	2	242.56900000000002	135.297
98	6	3	247.426	141.583
99	6	4	249.584	145.105
100	6	5	243.023	142.83700000000002
101	6	6	246.643	144.135
102	6	7	249.55	142.184
103	6	8	244.268	140.366
104	6	9	240.046	141.93200000000002
105	6	10	243.94	145.899
106	6	11	241.457	147.349
107	6	12	238.429	144.221
108	6	13	244.949	141.67600000000002
109	6	14	244.18099999999998	144.524
110	6	16	254.571	129.582
111	6	17	256.247	130.44799999999998
112	6	18	256.764	133.696
113	6	19	257.068	133.827
114	6	20	259.819	134.671
115	6	21	262.592	133.53799999999998
116	6	22	267.26599999999996	141.643
117	6	23	266.238	146.368
118	6	24	272.509	150.96
119	6	25	271.121	156.881
120	6	26	272.4	159.208
121	6	27	272.26099999999997	163.949
122	6	28	279.60200000000003	160.187
123	6	29	286.85400000000004	145.988
124	6	30	286.139	154.515
125	6	31	289.068	161.547
126	6	32	293.676	140.664
127	6	33	292.401	147.21
128	6	34	290.887	148.372
129	6	35	291.137	134.659
130	6	36	289.32599999999996	135.11
131	6	37	291.284	132.136
132	6	38	289.748	131.329
133	6	39	288.483	131.16
134	6	40	291.66700000000003	131.982
135	6	41	288.592	131.85
136	6	42	300.48	131.205
137	6	43	298.068	131.871
138	6	44	310.85200000000003	127.45299999999999
139	6	45	307.31	126.60700000000001
140	6	46	304.459	127.568
141	6	47	304.704	128.935
142	6	48	301.913	121.285
143	6	49	303.606	124.89399999999999
144	6	50	312.517	118.824
145	6	51	307.152	127.109
146	6	52	309.137	140.283
147	6	53	308.08799999999997	140.299
148	6	54	307.527	141.89600000000002
149	6	55	304.873	152.657
150	6	56	308.51	145.491
151	6	57	307.56	145.44899999999998
152	6	58	305.166	143.56799999999998
153	6	59	304.256	139.75
154	6	60	308.531	138.572
155	6	62	314.497	141.112
156	6	63	308.36	138.505
157	6	65	298.793	139.28
158	6	66	300.675	133.179
159	6	67	298.185	138.47
160	6	68	299.811	138.852
161	6	69	303.33299999999997	134.53
162	7	0	516.9780000000001	148.20600000000002
163	7	1	519.422	150.366
164	7	2	520.46	150.245
165	7	3	526.927	155.69899999999998
166	7	4	532.383	158.129
167	7	5	534.844	160.15200000000002
168	7	6	535.719	162.267
169	7	7	529.7330000000001	157.371
170	7	8	525.136	154.82299999999998
171	7	9	525.214	153.69
172	7	10	523.943	153.504
173	7	11	527.85	156.725
174	7	12	528.289	158.444
175	7	13	531.7959999999999	159.526
176	7	14	537.4069999999999	163.227
177	7	15	537.388	161.642
178	7	16	534.179	160.142
179	7	17	531.043	157.067
180	7	18	528.026	154.34
181	7	19	526.844	154.661
182	7	20	527.467	157.47899999999998
183	7	21	529.55	158.998
184	7	22	528.629	160.96200000000002
185	7	23	525.266	159.16299999999998
186	7	24	525.56	158.279
187	7	25	539.7669999999999	168.34400000000002
188	7	26	543.629	170.68099999999998
189	7	27	533.942	164.34
190	7	28	529.758	161.452
191	7	29	529.0459999999999	160.58100000000002
192	7	30	534.47	166.231
193	7	31	537.836	166.512
194	7	32	536.737	167.144
195	7	33	538.835	167.709
196	7	34	544.091	171.385
197	7	35	539.68	167.873
198	7	36	538.094	167.938
199	7	37	535.582	165.34599999999998
200	7	38	534.891	163.96599999999998
201	7	39	538.5419999999999	167.649
202	7	40	542.452	169.05200000000002
203	7	41	542.766	170.49599999999998
204	7	42	543.3380000000001	170.055
205	7	43	542.982	170.41299999999998
206	7	44	540.428	168.424
207	7	45	541.497	168.995
208	7	46	538.752	167.53799999999998
209	7	47	542.568	170.916
210	7	48	550.871	179.195
211	7	49	551.057	182.25799999999998
212	7	50	549.112	175.125
213	7	51	548.043	173.115
214	7	52	553.867	181.075
215	7	53	556.0740000000001	184.305
216	7	54	559.482	192.33700000000002
217	7	55	556.6709999999999	186.388
218	7	56	550.471	180.63099999999997
219	7	57	552.178	183.125
220	7	58	552.132	183.817
221	7	59	555.257	188.171
222	7	60	559.3580000000001	192.78599999999997
223	7	61	558.335	193.833
224	7	62	557.433	197.08700000000002
225	7	63	563.877	206.071
226	7	64	562.737	201.107
227	7	65	567.061	207.16
228	7	66	569.508	213.067
229	7	67	566.259	208.657
230	7	68	571.38	217.417
231	7	69	567.5740000000001	213.13
232	7	70	568.469	215.18099999999998
233	7	71	567.503	217.225
234	7	72	568.784	219.04
235	7	73	568.092	219.335
236	7	74	569.75	222.112
237	7	75	568.261	223.417
238	7	76	570.025	227.678
239	7	77	570.346	229.767
240	7	78	569.014	228.854
241	7	79	568.784	230.65599999999998
242	7	80	567.9259999999999	227.368
243	7	81	565.122	221.139
244	7	82	561.306	213.503
245	7	83	561.337	211.025
246	7	84	560.864	209.196
247	7	85	561.2919999999999	211.582
248	7	86	563.019	216.27599999999998
249	7	87	563.852	216.21900000000002
250	7	88	563.019	215.06599999999997
251	7	89	562.007	211.958
252	7	90	559.672	207.805
253	7	91	557.315	202.64
254	7	92	558.341	198.912
255	7	93	556.019	189.382
256	7	94	555.974	195.636
257	7	95	555.293	193.584
258	7	96	553.076	189.345
259	10	0	423.17800000000005	232.31400000000002
260	10	1	423.398	225.419
261	10	2	424.597	221.299
262	10	3	425.495	213.02900000000002
263	10	4	424.626	205.69299999999998
264	10	5	425.659	204.21200000000002
265	10	6	424.324	200.761
266	10	7	424.85400000000004	198.713
267	10	8	424.606	198.083
268	10	9	423.825	198.31
269	10	10	423.032	199.11900000000003
270	10	11	422.649	201.033
271	10	12	422.34	201.79
272	10	13	423.13599999999997	209.912
273	10	14	423.52	208.21
274	10	15	421.42400000000004	204.981
275	10	16	420.315	202.58
276	10	17	421.25199999999995	199.058
277	10	18	420.81199999999995	200.138
278	10	19	421.834	204.31799999999998
279	10	20	422.526	203.733
280	10	21	423.478	203.105
281	10	22	423.76599999999996	204.338
282	10	23	424.26199999999994	204.393
283	10	24	424.056	205.502
284	10	25	423.925	205.108
285	10	26	424.311	204.926
286	10	27	423.971	204.967
287	10	28	424.15	205.92700000000002
288	10	29	423.082	207.864
289	10	30	423.445	209.442
290	10	31	423.154	213.725
291	10	32	423.12199999999996	209.91400000000002
292	10	33	423.491	204.857
293	10	34	423.384	205.544
294	10	35	423.477	207.463
295	10	36	422.199	213.185
296	10	37	422.594	212.231
297	10	38	422.73699999999997	211.43
298	10	39	421.98400000000004	212.054
299	10	40	422.296	211.60299999999998
300	10	41	423.20599999999996	212.667
301	10	42	424.135	210.577
302	10	43	424.05699999999996	209.22099999999998
303	10	44	423.67699999999996	204.451
304	10	45	423.228	202.31799999999998
305	10	46	423.44199999999995	204.43099999999998
306	10	47	424.32599999999996	204.456
307	10	48	425.32199999999995	204.47099999999998
308	10	49	426.37300000000005	201.52700000000002
309	10	50	426.902	204.12900000000002
310	10	51	429.50699999999995	202.833
311	10	52	429.611	203.709
312	10	53	430.026	205.583
313	10	54	430.096	205.265
314	10	55	430.954	202.114
315	10	56	432.56	203.305
316	10	57	433.184	202.45
317	10	58	431.529	204.108
318	10	59	432.265	204.78799999999998
319	10	60	432.616	205.24099999999999
320	10	61	433.86	205.429
321	10	62	436.62800000000004	206.718
322	10	63	437.892	206.722
323	10	64	439.342	206.96200000000002
324	10	65	439.207	206.2
325	10	66	439.084	205.648
326	10	67	440.592	205.312
327	10	68	441.15	203.293
328	10	69	441.968	200.976
329	10	70	442.394	201.92700000000002
330	10	71	443.13199999999995	201.332
331	10	72	444.038	199.774
332	10	73	442.264	198.919
333	10	74	443.51800000000003	195.71900000000002
334	10	75	443.58	194.637
335	10	76	444.07599999999996	192.64
336	10	77	446.353	190.334
337	10	78	446.844	190.385
338	10	79	445.115	190.19299999999998
339	10	80	445.598	190.385
340	10	81	446.245	188.78599999999997
341	10	82	444.417	188.304
342	10	83	442.199	188.649
343	10	84	443.23199999999997	188.08700000000002
344	10	85	442.875	188.445
345	10	86	442.05699999999996	189.513
346	10	87	441.94300000000004	187.398
347	10	88	441.07199999999995	186.563
348	10	89	440.845	184.668
349	10	90	440.145	184.364
350	10	91	438.892	187.352
351	10	92	439.19599999999997	186.89
352	10	93	440.315	183.97400000000002
353	10	94	441.21	183.774
354	10	95	442.00699999999995	184.101
355	10	96	441.494	182.27900000000002
356	16	0	101.19	339.455
357	16	1	102.626	338.575
358	16	2	102.62200000000001	338.898
359	16	3	105.598	334.61300000000006
360	16	4	105.04299999999999	336.356
361	16	5	111.706	326.69599999999997
362	16	6	109.131	330.11
363	16	7	110.485	327.53
364	16	8	112.334	325.897
365	16	9	107.93799999999999	331.93199999999996
366	16	10	100.975	341.338
367	16	11	103.07700000000001	338.972
368	16	12	110.287	328.288
369	16	13	110.734	323.52
370	16	14	107.31200000000001	326.488
371	16	15	104.059	329.57800000000003
372	16	16	106.744	322.663
373	16	17	110.728	314.684
374	16	18	112.94200000000001	313.274
375	16	23	114.23	316.296
376	16	24	114.62	319.858
377	16	25	107.93299999999999	330.30800000000005
378	16	26	107.213	331.994
379	16	27	107.882	328.968
380	16	28	112.66799999999999	320.41700000000003
381	16	29	113.441	322.19
382	16	30	110.238	326.425
383	16	31	109.191	329.395
384	16	32	110.865	326.226
385	16	33	112.215	324.255
386	16	34	111.73200000000001	324.659
387	16	35	111.125	325.11
388	16	36	109.704	328.69300000000004
389	16	37	110.397	328.10699999999997
390	16	38	113.412	323.454
391	16	39	115.928	320.901
392	16	41	110.181	329.81800000000004
393	16	42	110.925	328.684
394	16	43	111.68	326.346
395	16	44	112.375	326.036
396	16	45	111.469	327.61400000000003
397	16	46	112.62899999999999	326.628
398	16	47	112.74799999999999	324.723
399	16	48	112.743	323.66
400	16	49	113.219	323.176
401	16	50	113.525	322.377
402	16	51	114.836	318.519
403	16	52	113.965	321.639
404	16	53	111.999	323.85
405	16	54	109.509	327.659
406	16	55	110.50399999999999	325.622
407	16	56	110.744	326.144
408	16	57	110.95200000000001	322.716
409	16	58	109.631	326.993
410	16	59	108.31	329.38599999999997
411	16	60	106.665	330.788
412	16	61	107.416	330.736
413	16	62	107.29899999999999	330.912
414	16	63	106.40899999999999	330.744
415	16	64	105.617	332.463
416	16	65	106.512	331.72
417	16	66	106.167	332.20300000000003
418	16	67	105.738	333.754
419	16	68	105.365	333.48400000000004
420	16	69	106.14200000000001	330.76
421	16	70	106.26100000000001	332.048
422	16	71	104.51799999999999	335.99699999999996
423	16	72	105.027	334.68699999999995
424	16	73	106.34100000000001	332.23900000000003
425	16	74	107.928	329.579
426	16	75	106.611	331.165
427	16	76	105.896	332.033
428	16	77	106.302	332.425
429	16	78	108.999	327.746
430	16	79	110.84200000000001	324.525
431	16	80	112.671	321.283
432	16	81	113.641	319.47900000000004
433	16	82	113.037	319.557
434	16	83	111.01799999999999	323.181
435	16	84	111.396	323.471
436	16	85	111.404	323.018
437	16	86	111.76899999999999	321.409
438	16	87	110.087	324.582
439	16	88	109.264	326.393
440	16	89	111.18799999999999	323.47900000000004
441	16	90	111.791	319.961
442	16	91	112.54899999999999	322.797
443	16	92	109.225	328.54699999999997
444	16	93	107.52600000000001	329.801
445	16	94	105.82600000000001	334.01800000000003
446	16	95	111.038	324.545
447	16	96	113.881	317.678
448	23	0	399.106	621.021
449	23	1	399.33099999999996	618.5880000000001
450	23	2	404.01300000000003	614.486
451	23	3	403.413	612.5830000000001
452	23	4	403.088	613.98
453	23	5	401.631	616.96
454	23	6	401.95	616.935
455	23	7	400.186	622.243
456	23	8	396.24	623.914
457	23	9	395.38199999999995	627.9830000000001
458	23	10	393.49699999999996	629.7180000000001
459	23	11	391.835	631.856
460	23	12	389.931	633.132
461	23	13	388.721	632.977
462	23	14	388.99800000000005	635.082
463	23	15	386.582	632.423
464	23	16	387.80699999999996	634.374
465	23	17	384.92699999999996	637.545
466	23	18	378.022	638.979
467	23	19	380.93800000000005	636.278
468	23	20	379.587	634.744
469	23	21	380.476	636.225
470	23	22	382.13300000000004	636.274
471	23	23	379.848	638.757
472	23	24	377.209	640.444
473	23	25	379.72900000000004	638.7669999999999
474	23	26	377.56800000000004	639.981
475	23	27	378.86800000000005	639.982
476	23	28	379.06699999999995	642.722
477	23	29	378.523	641.67
478	23	30	380.526	643.386
479	23	35	384.369	646.312
480	23	36	383.163	646.851
481	23	39	387.148	647.81
482	23	40	387.425	646.091
483	23	41	386.83	645.738
484	23	42	387.965	645.564
485	23	43	388.441	646.8380000000001
486	23	44	390.184	647.873
487	23	45	392.42	650.1759999999999
488	23	46	393.67900000000003	651.691
489	23	47	395.214	653.354
490	23	48	395.116	653.1419999999999
491	23	49	394.76199999999994	653.882
492	23	50	395.041	652.39
493	23	51	394.663	652.865
494	23	52	394.824	652.114
495	23	53	394.889	653.442
496	23	54	396.48900000000003	654.663
497	23	55	396.54900000000004	653.942
498	23	56	396.598	655.043
499	23	57	396.689	655.0419999999999
500	23	58	396.384	655.946
501	23	59	397.11	655.545
502	23	60	396.468	656.138
503	23	61	397.184	655.6419999999999
504	23	62	396.659	655.597
505	23	63	397.00300000000004	654.856
506	23	64	397.62	654.3480000000001
507	23	65	397.226	654.352
508	23	66	396.281	654.2130000000001
509	23	67	397.26099999999997	654.616
510	23	68	397.349	654.202
511	23	69	397.852	654.474
512	23	70	398.305	655.455
513	23	71	398.68800000000005	656.22
514	23	72	399.039	655.8610000000001
515	23	73	398.3	656.678
516	23	74	398.449	656.512
517	23	75	399.1	656.573
518	23	76	398.58099999999996	656.693
519	23	77	398.22900000000004	656.931
520	23	78	398.83	656.52
521	23	79	398.309	656.605
522	23	80	397.45599999999996	656.898
523	23	81	398.05300000000005	657.0239999999999
524	23	82	398.38300000000004	657.1189999999999
525	23	84	398.093	656.551
526	23	85	398.619	656.539
527	23	86	397.92900000000003	656.8530000000001
528	23	87	398.244	656.567
529	23	88	399.004	656.303
530	23	89	398.784	656.6210000000001
531	23	90	398.911	657.11
532	23	91	399.3	656.567
533	23	92	398.728	657.336
534	23	93	398.881	655.645
535	23	94	397.418	656.794
536	23	95	397.65	657.169
537	23	96	397.11	657.559
538	35	12	177.25	574.7919999999999
539	35	13	177.49	571.156
540	35	14	176.185	564.055
541	35	15	174.919	549.703
542	35	16	175.372	551.544
543	35	17	174.58599999999998	555.538
544	35	18	174.21099999999998	546.002
545	35	19	175.06099999999998	556.686
546	35	20	175.58900000000003	560.783
547	35	21	176.12599999999998	546.637
548	35	22	177.451	558.045
549	35	23	177.709	560.563
550	35	24	178.442	551.675
551	35	25	178.632	558.163
552	35	26	177.99599999999998	549.8
553	35	27	178.447	555.62
554	35	28	177.72400000000002	548.743
555	35	29	179.38299999999998	558.769
556	35	30	180.94099999999997	559.771
557	35	31	180.1	555.648
558	35	32	179.6	554.529
559	35	33	178.956	551.264
560	35	34	179.454	552.3380000000001
561	35	35	179.17	550.148
562	35	36	179.08900000000003	553.25
563	35	37	178.59799999999998	549.672
564	35	38	180.234	549.6990000000001
565	35	39	179.06099999999998	550.062
566	35	40	178.83900000000003	545.49
567	35	41	177.94799999999998	542.877
568	35	42	178.959	545.55
569	35	43	178.263	542.867
570	35	44	176.97299999999998	538.9680000000001
571	35	45	177.773	539.492
572	35	46	177.49	539.766
573	35	47	178.88	545.475
574	35	48	179.592	542.799
575	35	49	179.644	547.51
576	35	50	178.982	543.626
577	35	51	179.835	548.87
578	35	52	178.0	546.313
579	35	53	180.39700000000002	549.2230000000001
580	35	55	175.06799999999998	536.043
581	35	56	179.908	545.7669999999999
582	35	57	176.12099999999998	536.28
583	35	58	174.75599999999997	536.309
584	35	59	177.28	544.327
585	35	60	173.762	536.814
586	35	61	177.111	544.2669999999999
587	35	63	175.38400000000001	540.9
588	35	64	176.102	540.91
589	35	65	175.41	539.004
590	35	66	176.97400000000002	545.696
591	35	67	175.321	538.471
592	35	68	176.579	540.023
593	35	69	174.646	538.405
594	35	70	174.46099999999998	537.7080000000001
595	35	71	174.343	539.1519999999999
596	35	72	175.125	539.054
597	35	73	174.75400000000002	539.7769999999999
598	35	74	177.232	544.629
599	35	75	174.85299999999998	542.883
600	35	76	172.111	539.822
601	35	77	171.201	537.933
602	35	78	170.07	536.682
603	35	79	169.554	535.411
604	35	80	172.74200000000002	534.638
605	35	81	170.11700000000002	540.386
606	35	82	172.69799999999998	537.862
607	35	83	171.31	539.461
608	35	84	170.392	539.057
609	35	85	167.66	540.031
610	35	86	174.67	535.859
611	35	87	173.137	533.835
612	35	88	173.405	535.451
613	35	89	179.893	533.264
614	35	90	177.745	531.793
615	35	91	177.639	532.932
616	35	92	177.834	530.939
617	35	93	178.50099999999998	526.128
618	35	94	173.985	530.27
619	37	11	225.299	562.719
620	37	12	224.697	563.695
621	37	14	243.416	569.025
622	37	15	242.735	564.419
623	37	17	247.28900000000002	564.0880000000001
624	37	18	245.97299999999998	559.131
625	37	19	248.14700000000002	556.883
626	37	20	250.07299999999998	557.461
627	37	21	249.90599999999998	564.1469999999999
628	37	22	250.74099999999999	568.799
629	37	23	253.733	567.161
630	37	24	253.234	564.3430000000001
631	37	25	253.34799999999998	562.123
632	37	26	251.515	556.404
633	37	27	252.296	554.538
634	37	28	254.227	558.138
635	37	29	252.203	556.591
636	37	30	252.61700000000002	557.35
637	37	31	254.91299999999998	551.781
638	37	32	255.22400000000002	546.096
639	37	33	256.263	536.365
640	37	34	256.377	532.7230000000001
641	37	35	255.898	531.516
642	37	36	255.08	530.276
643	37	37	258.092	530.3290000000001
644	37	38	259.068	522.697
645	37	39	257.887	522.8430000000001
646	37	40	254.615	522.564
647	37	41	254.27900000000002	521.7180000000001
648	37	42	255.078	520.831
649	37	43	253.787	520.119
650	37	44	255.423	519.783
651	37	45	254.48	518.654
652	37	46	259.127	519.2769999999999
653	37	47	257.715	519.379
654	37	48	255.266	518.965
655	37	49	249.75799999999998	520.6619999999999
656	37	50	232.83	514.681
657	37	51	230.662	511.634
658	37	52	229.475	514.047
659	37	53	229.69	514.264
660	37	54	229.49200000000002	515.206
661	37	55	231.858	513.375
662	37	56	229.705	515.13
663	37	57	227.53	517.056
664	37	58	228.16299999999998	516.056
665	37	59	228.041	514.743
666	37	60	224.982	513.425
667	37	61	221.294	511.397
668	37	62	218.98	508.471
669	37	63	217.47799999999998	507.866
670	37	64	220.67	508.015
671	37	65	217.7	509.449
672	37	66	214.623	509.724
673	37	67	214.19400000000002	510.971
674	37	68	214.49599999999998	510.675
675	37	69	214.535	511.218
676	37	70	210.921	513.234
677	37	71	211.47400000000002	512.508
678	37	72	210.47099999999998	513.002
679	37	73	208.615	514.8580000000001
680	37	74	206.425	515.4259999999999
681	37	75	207.15	516.118
682	37	76	205.136	516.735
683	37	77	205.202	516.729
684	37	78	206.07	516.306
685	37	79	205.30200000000002	517.335
686	37	80	205.695	518.197
687	37	81	207.09	515.013
688	37	82	211.25099999999998	510.778
689	37	83	211.581	512.953
690	37	84	213.36700000000002	513.771
691	37	85	211.56900000000002	514.025
692	37	86	207.646	514.1669999999999
693	37	87	206.47099999999998	516.25
694	37	88	205.205	515.943
695	37	89	203.755	517.357
696	37	90	206.58700000000002	517.474
697	37	91	205.50799999999998	517.049
698	37	92	204.632	515.8430000000001
699	37	93	206.41099999999997	513.768
700	37	94	206.347	516.549
701	37	95	201.94099999999997	514.562
702	37	96	201.97099999999998	514.9580000000001
703	49	29	336.101	111.805
704	49	30	336.7	107.9
705	49	31	336.895	107.449
706	49	32	338.43199999999996	110.323
707	49	33	340.337	109.135
708	49	34	342.663	107.24799999999999
709	49	35	343.338	106.662
710	49	36	344.844	111.70299999999999
711	49	37	348.524	111.25200000000001
712	49	38	347.195	109.26
713	49	39	348.29400000000004	108.73299999999999
714	49	40	347.10699999999997	108.51100000000001
715	49	41	347.838	109.072
716	49	42	347.48400000000004	108.561
717	49	43	347.51199999999994	107.63799999999999
718	49	44	346.691	107.898
719	49	45	348.24699999999996	110.156
720	49	46	349.23900000000003	110.914
721	49	47	349.525	111.984
722	49	48	351.08099999999996	110.126
723	49	49	350.944	111.48700000000001
724	49	50	353.223	111.618
725	49	51	353.63	111.57799999999999
726	49	52	355.275	112.92299999999999
727	49	53	356.48800000000006	113.191
728	49	54	357.18	115.12299999999999
729	49	55	357.72900000000004	114.62100000000001
730	49	56	359.781	115.867
731	49	57	359.81	116.164
732	49	58	359.827	117.45
733	49	59	360.87199999999996	118.20200000000001
734	49	60	360.816	117.329
735	49	61	361.724	117.723
736	49	62	363.059	118.53399999999999
737	49	63	362.788	119.095
738	49	64	361.954	118.165
739	49	65	361.26599999999996	117.925
740	49	66	360.861	117.993
741	49	67	360.755	117.17399999999999
742	49	68	360.165	116.932
743	49	69	360.58099999999996	117.73200000000001
744	49	70	361.066	118.462
745	49	71	361.06800000000004	119.236
746	49	72	361.875	118.10799999999999
747	49	73	361.67800000000005	118.38799999999999
748	49	74	362.306	118.691
749	49	75	363.025	118.585
750	49	76	363.13699999999994	119.64
751	49	77	363.832	119.527
752	49	78	363.975	118.853
753	49	79	362.423	119.008
754	49	80	361.91900000000004	118.963
755	49	81	364.314	120.816
756	49	82	366.624	123.205
757	49	83	367.974	124.04799999999999
758	49	84	368.91900000000004	126.334
759	49	85	371.211	127.45200000000001
760	49	86	371.634	128.954
761	49	87	372.14	129.09
762	49	88	374.82599999999996	131.38
763	49	89	376.713	134.111
764	49	90	377.574	136.46200000000002
765	49	91	380.70599999999996	140.814
766	49	92	384.68	145.55200000000002
767	49	93	389.10400000000004	149.34
768	49	94	392.721	154.911
769	49	95	397.767	159.571
770	49	96	397.36199999999997	160.004
771	52	38	263.774	493.716
772	52	39	265.39599999999996	498.22
773	52	40	263.671	497.74699999999996
774	52	41	265.211	499.334
775	52	42	263.772	500.18
776	52	43	263.825	499.033
777	52	45	267.59	497.505
778	52	46	270.88	499.276
779	52	50	278.184	502.89099999999996
780	52	51	283.04900000000004	507.171
781	52	52	284.783	509.152
782	52	53	289.586	515.196
783	52	54	290.296	516.582
784	52	55	291.599	516.4169999999999
785	52	56	294.586	517.14
786	52	58	303.785	520.492
787	52	59	302.005	520.35
788	52	60	306.63	521.456
789	52	64	310.51099999999997	531.283
790	52	65	310.353	531.832
791	52	66	308.688	532.8480000000001
792	52	68	312.594	531.869
793	52	69	315.025	533.654
794	56	51	452.4	0.0
795	56	52	452.35900000000004	11.447000000000001
796	56	53	460.74300000000005	10.809000000000001
797	56	56	461.219	6.926
798	56	57	451.75	0.0
799	56	58	445.9	0.0
800	56	62	446.55	0.0
801	56	63	443.95	0.0
802	56	67	447.88199999999995	5.779
803	56	68	458.185	9.799
804	56	69	458.65	9.721
805	56	70	459.23900000000003	16.064
806	56	71	461.514	13.63
807	56	72	474.889	13.5
808	56	73	470.855	17.715
809	56	74	472.23400000000004	14.697000000000001
810	59	56	266.5	664.95
811	59	57	267.087	657.562
812	59	58	268.624	654.614
813	59	59	268.978	653.4680000000001
814	59	60	269.508	652.121
815	59	61	270.705	648.597
816	59	62	271.29	644.53
817	59	63	271.758	643.076
818	59	64	273.69	637.636
819	59	65	274.135	634.573
820	59	66	273.712	634.891
821	59	67	274.715	634.066
822	59	68	275.074	631.029
823	59	69	275.482	627.043
824	59	70	276.019	622.529
825	59	71	275.815	621.015
826	59	72	276.105	617.404
827	59	73	276.85400000000004	616.93
828	59	74	276.51099999999997	622.78
829	59	75	276.82099999999997	624.191
830	59	76	277.191	624.062
831	59	77	277.71299999999997	622.575
832	59	78	278.522	606.701
833	59	79	278.505	597.08
834	59	80	276.64599999999996	592.4590000000001
835	59	81	277.493	589.14
836	59	82	276.964	585.896
837	59	83	277.954	587.7080000000001
838	59	84	277.353	586.342
839	59	85	277.95799999999997	582.1419999999999
840	59	86	279.981	577.136
841	59	87	280.777	569.539
842	59	88	281.401	563.625
843	59	89	281.755	560.566
844	59	90	280.784	562.048
845	59	91	281.035	559.511
846	59	92	281.282	553.93
847	59	93	282.568	546.681
848	59	94	280.889	538.57
849	59	95	281.944	544.668
850	59	96	282.42	548.221
