      TRACK_ID  FRAME  POSITION_X  POSITION_Y
0            0      0     351.531     114.021
1            0      1     354.278     118.666
2            0      2     350.815     110.510
3            0      3     350.548     110.936
4            0      4     349.986     109.036
5            0      5     345.608     102.032
6            0      6     344.656     101.956
7            0      7     342.680     101.489
8            0      8     339.078      96.498
9            0      9     338.902      96.593
10           0     10     339.737      99.413
11           0     11     336.297      92.860
12           0     12     336.379      92.827
13           0     13     336.616      93.552
14           0     14     334.557      91.742
15           0     15     333.926      92.189
16           0     16     334.296      92.750
17           0     17     329.327      86.813
18           0     18     323.974      80.644
19           0     19     320.479      76.318
20           0     20     315.972      71.352
21           0     21     312.375      68.942
22           0     22     309.743      62.941
23           0     23     308.744      57.373
24           0     24     305.658      49.811
25           0     25     305.315      43.312
26           0     26     304.719      35.177
27           0     27     303.482      30.465
28           0     28     303.734      28.622
29           0     29     304.039      22.501
30           0     30     304.834      24.576
31           0     31     305.011      21.235
32           0     32     305.891      21.162
33           0     33     307.004      23.155
34           0     34     307.576      22.419
35           0     35     308.656      25.783
36           0     36     308.559      25.769
37           0     37     308.524      24.651
38           0     38     308.840      26.073
39           0     39     309.328      21.938
40           0     40     309.474      24.500
41           0     41     309.989      21.234
42           0     42     310.216      20.966
43           0     43     309.935      19.261
44           0     44     310.259      16.368
45           0     45     310.514      18.227
46           0     46     311.225      16.030
47           0     47     311.226      15.977
48           0     48     311.583      14.111
49           0     49     311.019       9.816
50           0     50     311.113       7.785
51           0     51     311.299       8.061
52           0     52     310.956       5.723
53           0     53     310.700       0.650
54           0     54     310.700       0.000
55           0     55     311.298       7.700
56           0     56     311.021       7.446
57           0     57     311.418      10.233
58           0     58     310.393      10.344
59           0     59     312.123       9.351
60           0     60     310.859       4.227
61           0     61     312.000       0.000
62           0     62     312.000       0.000
63           0     63     311.350       0.000
64           0     64     311.350       0.000
65           0     65     312.000       0.000
66           0     66     312.000       0.000
67           0     67     311.350       0.000
68           0     68     311.350       0.000
69           0     69     311.350       0.000
70           0     70     310.700       0.000
71           0     71     310.700       0.000
72           0     72     311.350       0.000
73           0     73     311.350       0.000
74           0     74     312.000       0.000
75           1      0     387.933     120.494
76           1      1     385.393     117.584
77           1      2     388.920     114.293
78           1      3     379.644     103.393
79           1      4     378.067     100.028
80           1      5     378.052      98.427
81           1      6     375.777      94.998
82           1      7     381.101      97.891
83           1      8     380.457      94.992
84           1      9     378.667      92.006
85           1     10     378.335      89.850
86           1     11     379.212      89.331
87           1     12     377.581      88.261
88           1     13     380.462      90.884
89           1     14     383.854      95.382
90           1     15     382.099      93.654
91           1     16     385.101      97.009
92           1     17     383.279      94.050
93           1     18     383.454      94.924
94           1     19     380.381      89.436
95           1     20     383.042      91.695
96           1     21     381.197      91.159
97           1     22     376.099      83.485
98           1     23     373.469      78.866
99           1     24     371.750      77.295
100          1     25     369.526      74.355
101          1     26     369.514      71.533
102          1     27     366.742      67.213
103          1     28     368.132      68.874
104          1     29     367.458      68.114
105          1     30     367.442      68.546
106          1     31     369.396      69.771
107          1     32     365.966      67.709
108          1     33     367.370      68.410
109          1     34     367.522      67.918
110          1     35     367.724      68.775
111          1     36     367.142      67.556
112          1     37     368.954      69.312
113          1     38     367.611      67.840
114          1     39     368.181      67.655
115          1     40     367.955      68.105
116          1     41     368.209      66.260
117          1     42     368.160      65.573
118          1     43     370.655      68.141
119          1     44     371.007      67.390
120          1     45     372.213      68.237
121          1     46     373.541      68.069
122          1     47     375.130      69.528
123          1     48     376.602      71.481
124          1     49     376.959      70.058
125          1     50     377.666      69.967
126          1     51     377.464      67.682
127          1     52     376.183      65.666
128          1     53     377.758      65.653
129          1     54     379.325      66.233
130          1     55     381.904      68.097
131          1     56     380.689      65.694
132          1     57     378.359      62.333
133          1     58     378.197      61.055
134          1     59     376.763      57.925
135          1     60     374.409      54.637
136          1     61     373.786      52.659
137          1     62     372.680      50.091
138          1     63     372.048      48.415
139          1     64     369.414      44.231
140          1     65     369.125      42.038
141          1     66     368.728      41.455
142          1     67     368.714      40.371
143          1     68     370.401      42.551
144          1     69     371.288      41.948
145          1     70     371.406      40.782
146          1     71     371.586      41.018
147          1     72     373.623      43.032
148          1     73     373.027      42.383
149          1     74     372.480      41.154
150          1     75     373.195      41.969
151          1     76     372.037      41.217
152          1     77     369.471      37.149
153          1     78     369.820      34.797
154          1     79     368.649      33.999
155          1     80     368.382      33.909
156          1     81     370.401      34.848
157          1     82     370.919      35.549
158          1     83     372.606      36.960
159          1     84     371.386      35.026
160          1     85     367.783      31.182
161          1     86     362.041      24.109
162          1     87     357.815      19.750
163          1     88     353.785      15.339
164          1     89     348.866       9.968
165          1     90     343.200       0.000
166          1     91     343.850       0.000
167          1     92     345.150       0.000
168          2      0      63.127     227.635
169          2      1      67.511     223.291
170          2      2      75.263     215.968
171          2      3      79.358     212.503
172          2      4      85.122     205.456
173          2      5      92.964     199.367
174          2      6      89.106     203.235
175          2      7      90.492     202.282
176          2      8      95.511     199.162
177          2      9     101.768     194.031
178          2     10     105.204     191.333
179          2     11     105.528     189.021
180          2     12     108.452     188.419
181          2     13     106.941     190.127
182          2     14     110.723     186.175
183          2     15     101.830     196.200
184          2     16      95.388     202.276
185          2     17     102.859     193.995
186          2     18     109.927     187.433
187          2     19     106.742     190.571
188          2     20     106.021     191.022
189          2     21     110.708     185.324
190          2     22     112.396     183.021
191          2     23     116.430     178.335
192          2     24     117.866     175.963
193          2     25     118.192     169.627
194          2     26     112.155     175.642
195          2     27     116.384     168.887
196          2     28     119.309     159.508
197          2     29     120.848     151.762
198          2     30     119.063     157.988
199          2     31     118.537     159.511
200          2     32     119.239     161.965
201          2     33     117.378     165.698
202          2     34     116.224     167.482
203          2     35     118.602     169.387
204          2     36     123.132     162.541
205          2     37     126.625     156.670
206          2     38     126.371     157.330
207          2     39     123.959     160.947
208          2     40     124.418     158.746
209          2     41     124.387     156.222
210          2     42     128.951     144.377
211          2     43     128.781     141.580
212          2     44     128.125     146.268
213          2     45     125.634     152.948
214          2     46     121.748     163.075
215          2     47     114.214     175.987
216          2     48     117.346     171.076
217          2     49     121.836     161.048
218          2     50     121.295     161.182
219          2     51     121.011     163.153
220          2     52     120.602     163.936
221          2     53     120.305     164.546
222          2     54     119.641     166.073
223          2     55     119.397     165.519
224          2     56     119.150     165.576
225          2     57     119.738     164.597
226          2     58     120.225     164.742
227          2     59     120.464     164.740
228          2     60     120.000     168.061
229          2     61     119.972     167.563
230          2     62     119.393     169.264
231          2     63     120.700     166.698
232          2     64     120.245     168.458
233          2     65     116.680     176.050
234          2     66     119.612     168.217
235          2     67     123.487     160.273
236          2     68     122.531     162.788
237          2     69     119.114     170.406
238          2     70     118.702     173.514
239          2     71     121.594     166.753
240          2     72     121.748     166.164
241          2     73     120.371     169.056
242          2     74     120.259     170.412
243          2     75     118.481     173.525
244          2     76     118.636     175.331
245          2     77     119.618     171.362
246          2     78     119.709     171.246
247          2     79     120.260     171.242
248          2     80     121.317     168.326
249          2     81     121.013     170.544
250          2     82     119.995     172.845
251          2     83     119.469     174.153
252          2     84     119.053     176.559
253          2     85     120.213     175.337
254          2     86     120.449     173.952
255          2     87     120.210     173.726
256          2     88     119.982     176.769
257          2     89     119.765     177.808
258          2     90     119.134     180.223
259          2     91     119.800     179.838
260          2     92     120.728     179.944
261          2     93     120.906     179.317
262          2     94     120.868     181.774
263          2     95     120.243     182.239
264          2     96     120.230     185.067
265          3      0     247.709     361.546
266          3      1     250.631     362.817
267          3      2     255.089     363.767
268          3      3     257.261     364.149
269          3      4     255.136     363.099
270          3      6     245.306     363.253
271          3      7     243.402     363.535
272          3      8     241.540     363.986
273          3      9     241.384     362.696
274          3     10     242.763     363.878
275          3     11     240.025     367.457
276          3     12     243.204     367.630
277          3     13     250.291     366.426
278          3     14     256.977     365.549
279          3     15     257.696     363.211
280          3     16     252.480     355.295
281          3     17     253.849     353.769
282          3     18     252.099     354.133
283          3     19     246.183     360.095
284          3     20     240.698     362.451
285          3     21     234.181     365.423
286          3     22     231.379     363.397
287          3     23     229.861     354.787
288          3     24     228.523     353.112
289          3     25     226.600     354.608
290          3     26     227.895     351.336
291          3     27     225.165     341.801
292          3     28     228.103     326.784
293          3     29     233.415     323.670
294          3     30     233.893     322.701
295          3     31     238.151     321.289
296          3     32     236.277     323.342
297          4      0     509.830     393.436
298          4      1     506.215     391.896
299          4      2     510.589     390.462
300          4      3     514.021     387.848
301          4      4     519.320     385.044
302          4      5     517.101     388.764
303          4      6     513.520     387.158
304          4      7     513.926     386.151
305          4      8     517.390     386.416
306          4      9     520.849     384.657
307          4     10     518.535     386.583
308          4     11     516.873     386.310
309          4     12     517.302     385.105
310          4     13     520.964     384.832
311          4     14     522.532     386.021
312          4     15     519.921     384.963
313          4     16     520.804     383.662
314          4     17     523.487     383.091
315          4     18     521.881     384.442
316          4     19     521.824     384.473
317          4     20     522.728     385.038
318          4     21     521.678     384.738
319          4     22     524.971     384.373
320          4     23     524.125     383.747
321          4     24     524.229     381.028
322          4     25     522.285     376.367
323          4     26     520.550     374.138
324          4     27     521.781     372.777
325          4     28     522.977     370.277
326          4     29     522.101     368.570
327          4     30     521.498     371.568
328          4     31     520.993     372.861
329          4     32     522.369     378.497
330          4     33     521.880     378.438
331          4     34     520.648     377.324
332          4     35     523.463     380.600
333          4     36     521.469     380.616
334          4     37     520.482     380.019
335          4     38     522.506     379.295
336          4     39     521.906     379.467
337          4     40     520.800     380.177
338          4     41     522.834     379.461
339          4     42     524.182     378.923
340          4     43     520.892     377.427
341          4     44     522.711     377.010
342          4     45     521.359     375.034
343          4     46     522.229     374.215
344          4     47     522.065     373.891
345          4     48     522.710     373.358
346          4     49     521.615     373.195
347          4     50     521.444     375.192
348          4     51     521.374     374.206
349          4     52     521.955     374.937
350          4     53     523.374     374.677
351          4     54     523.529     375.079
352          4     55     522.541     375.727
353          4     56     523.398     374.302
354          4     57     520.653     374.093
355          4     58     523.807     373.864
356          4     59     524.010     374.075
357          4     60     523.757     376.151
358          4     61     524.474     375.974
359          4     62     520.799     372.622
360          4     63     525.470     371.820
361          4     64     523.433     371.340
362          4     65     521.837     369.340
363          4     66     525.509     370.425
364          4     67     522.599     369.317
365          4     68     524.454     370.335
366          4     69     522.123     369.371
367          4     70     522.567     371.264
368          4     71     520.412     369.607
369          4     72     521.449     370.750
370          4     73     522.828     369.171
371          4     78     522.145     368.228
372          4     79     523.464     366.515
373          4     80     524.130     370.250
374          4     81     520.113     368.027
375          4     82     521.172     369.745
376          4     83     521.418     367.858
377          4     84     518.004     368.016
378          4     85     518.319     367.454
379          4     87     519.254     364.046
380          4     88     523.128     364.945
381          4     89     522.800     367.779
382          4     90     525.180     366.632
383          4     91     524.680     368.517
384          4     92     525.132     366.077
385          4     93     523.591     366.005
386          4     94     523.711     365.048
387          4     95     523.588     363.989
388          4     96     520.671     363.642
389          5      0     285.072     414.903
390          5      1     302.704     417.898
391          5      2     313.908     418.115
392          5      3     313.684     417.732
393          5      4     320.357     415.644
394          5      5     329.354     414.507
395          5      6     327.097     412.351
396          5      7     340.079     409.911
397          5      8     350.337     406.792
398          5      9     337.569     409.397
399          5     10     356.223     404.232
400          5     11     370.042     401.514
401          5     12     375.665     404.985
402          5     13     373.049     406.679
403          5     14     379.266     415.436
404          5     15     381.278     415.414
405          5     16     387.207     417.458
406          5     17     395.801     421.165
407          5     18     392.455     419.155
408          5     19     407.780     427.492
409          5     20     412.596     429.026
410          5     21     404.643     426.283
411          5     22     408.820     426.438
412          5     23     423.567     433.954
413          5     24     425.460     436.388
414          5     25     419.096     432.007
415          5     26     412.232     425.370
416          5     27     415.072     426.050
417          5     28     424.411     431.857
418          5     29     427.123     434.403
419          5     30     433.825     442.169
420          5     31     431.299     442.406
421          5     32     423.324     438.340
422          5     33     408.812     425.376
423          5     34     411.102     430.966
424          5     35     417.806     438.948
425          5     36     415.860     437.190
426          5     37     431.016     450.620
427          5     38     437.448     454.774
428          5     39     432.414     449.747
429          5     40     432.080     452.112
430          5     41     439.301     456.296
431          5     42     433.695     452.615
432          5     43     432.002     450.281
433          5     44     422.417     445.235
434          5     45     419.507     442.145
435          5     46     419.369     442.656
436          5     47     416.641     441.392
437          5     48     415.868     440.395
438          5     49     418.582     441.245
439          5     50     428.871     452.164
440          5     51     440.640     461.416
441          5     52     442.606     464.439
442          5     53     437.478     459.419
443          5     54     424.240     448.567
444          5     55     421.843     443.672
445          5     56     414.012     438.773
446          5     57     408.893     435.247
447          5     58     401.956     429.779
448          5     59     406.118     434.111
449          5     60     396.999     427.728
450          5     61     394.565     426.837
451          5     62     400.065     430.766
452          6      0      61.170     416.511
453          6      1      58.917     409.426
454          6      2      59.853     413.275
455          6      3      64.775     425.884
456          6      4      65.621     426.733
457          6      5      68.195     430.613
458          6      6      70.631     433.570
459          6      7      68.786     434.311
460          6      8      70.575     435.671
461          6      9      72.980     438.513
462          6     10      70.955     440.209
463          6     11      73.261     438.605
464          6     12      74.527     439.680
465          6     13      73.121     441.221
466          6     14      74.475     442.621
467          6     15      78.143     443.613
468          6     16      81.104     443.208
469          6     17      78.935     442.315
470          6     18      81.903     442.109
471          6     19      82.357     441.621
472          6     20      80.551     440.846
473          6     21      81.457     442.547
474          6     22      82.589     442.542
475          6     23      82.023     444.103
476          6     24      84.241     444.381
477          6     25      83.970     439.951
478          6     26      83.067     438.206
479          6     27      83.308     437.138
480          6     28      84.926     433.988
481          6     29      85.598     435.755
482          6     30      83.021     438.668
483          6     31      83.563     440.960
484          6     32      83.292     445.866
485          6     33      84.751     443.072
486          6     34      86.791     439.063
487          6     35      87.162     442.382
488          6     36      88.283     440.940
489          6     37      88.122     441.237
490          6     38      88.095     441.073
491          6     39      87.099     440.467
492          6     40      86.935     440.190
493          6     41      86.035     440.022
494          6     42      86.298     439.915
495          6     43      86.005     439.619
496          6     44      86.313     440.172
497          6     45      86.712     438.926
498          6     46      84.796     440.730
499          6     47      87.336     439.241
500          6     48      88.677     437.734
501          6     49      88.662     437.395
502          6     50      87.611     437.187
503          6     51      88.454     437.628
504          6     52      89.687     437.703
505          6     53      89.471     437.154
506          6     54      89.181     436.372
507          6     55      88.760     437.422
508          6     56      90.048     436.041
509          6     57      88.655     437.909
510          6     58      88.807     438.281
511          6     59      87.991     438.871
512          6     60      88.108     439.893
513          6     61      88.564     440.909
514          6     62      87.181     440.833
515          6     63      86.105     440.959
516          6     64      86.846     441.526
517          6     65      84.859     441.675
518          6     66      85.774     441.871
519          6     67      85.074     444.073
520          6     68      85.791     444.726
521          6     69      84.846     445.880
522          6     70      85.843     445.453
523          6     71      84.649     447.159
524          6     72      84.548     445.864
525          6     73      85.084     445.128
526          6     74      84.551     444.604
527          6     75      86.235     445.179
528          6     76      85.095     446.554
529          6     77      84.391     448.395
530          6     78      85.177     446.373
531          6     79      84.785     448.227
532          6     80      84.847     448.879
533          6     81      84.105     448.182
534          6     82      83.940     447.985
535          6     83      84.156     449.617
536          6     84      83.070     450.083
537          6     85      84.785     449.900
538          6     86      84.913     449.912
539          6     87      84.545     448.691
540          6     88      85.094     448.940
541          6     89      84.857     451.549
542          6     90      84.287     450.374
543          6     91      84.549     448.946
544          6     92      86.374     449.035
545          6     93      85.893     449.768
546          6     94      86.731     449.845
547          6     95      87.315     450.476
548          6     96      86.970     450.559
549          7      0     100.898     422.624
550          7      1     100.926     422.893
551          7      2     102.639     421.941
552          7      3     103.002     422.283
553          7      4     103.643     420.944
554          7      5     104.160     421.944
555          7      6     103.615     424.383
556          7      7     102.942     425.154
557          7      8     104.952     425.138
558          7      9     105.876     423.204
559          7     10     106.875     423.287
560          7     11     107.807     423.092
561          7     12     108.417     422.808
562          7     13     107.559     426.856
563          7     14     104.568     422.524
564          7     15      99.327     420.468
565          7     16      99.172     423.112
566          7     17     100.266     420.013
567          7     18      99.915     419.128
568          7     19      99.149     415.841
569          7     20      99.876     415.593
570          7     21      99.718     417.046
571          7     22     102.250     414.658
572          7     23     105.128     414.473
573          7     24     106.741     413.177
574          7     25     107.004     410.011
575          7     26     106.266     406.481
576          7     27     106.060     403.486
577          7     28     100.618     403.642
578          7     29     100.247     402.161
579          7     30     103.934     402.989
580          7     31     103.967     404.489
581          7     32     105.695     405.441
582          7     33     107.119     404.134
583          7     34     108.821     403.167
584          7     35     111.184     406.304
585          7     36     112.033     405.385
586          7     37     111.518     405.686
587          7     38     111.332     406.024
588          7     39     110.016     404.755
589          7     40     115.087     403.865
590          7     41     120.752     401.117
591          7     42     120.643     400.197
592          7     43     120.349     399.580
593          7     45     118.889     399.108
594          7     46     125.355     397.296
595          7     47     126.282     396.980
596          7     48     128.699     394.842
597          7     49     129.869     391.961
598          7     50     134.045     387.446
599          7     51     134.375     384.690
600          7     52     133.999     384.756
601          7     53     133.855     382.947
602          7     54     133.649     383.166
603          7     55     133.598     384.729
604          7     56     133.405     384.605
605          7     57     134.772     385.851
606          7     58     134.653     386.290
607          7     59     134.197     385.460
608          7     60     134.526     386.643
609          7     61     135.120     386.512
610          7     62     136.522     385.286
611          7     63     136.113     385.760
612          7     64     138.550     385.342
613          7     65     139.712     386.986
614          7     66     141.540     387.925
615          7     67     143.234     386.340
616          7     68     143.914     387.780
617          7     69     143.651     386.701
618          7     70     141.046     386.529
619          7     71     140.140     387.092
620          7     72     139.848     386.224
621          7     73     139.993     387.189
622          7     74     142.044     385.071
623          7     75     142.551     384.513
624          7     77     142.777     385.704
625          7     78     143.073     383.261
626          7     79     145.760     383.459
627          7     80     145.043     385.481
628          7     81     147.640     384.332
629          7     82     146.756     387.309
630          7     83     147.244     387.465
631          7     84     148.077     389.616
632          7     85     147.764     389.795
633          7     86     150.495     388.812
634          7     87     152.178     387.538
635          7     89     155.383     395.644
636          7     90     160.476     404.157
637          7     91     162.759     408.663
638          7     93     165.085     417.330
639          7     94     164.793     418.806
640          7     95     165.021     421.562
641          7     96     164.740     425.406
642          8      0     491.025     433.302
643          8      1     488.652     432.429
644          8      2     482.579     429.774
645          8      3     471.173     425.803
646          8      4     459.376     420.351
647          8      5     450.498     416.901
648          8      6     442.563     414.979
649          8      7     452.412     420.602
650          8      8     455.677     421.536
651          8      9     452.685     420.853
652          8     10     459.232     425.061
653          8     11     461.933     424.885
654          8     12     466.320     426.162
655          8     13     470.187     428.093
656          8     14     456.467     424.156
657          8     15     447.664     420.176
658          8     16     430.268     412.051
659          8     17     415.854     405.977
660          8     18     416.658     407.483
661          8     19     398.707     400.617
662          8     20     390.311     396.233
663          8     21     397.371     400.793
664          8     22     390.587     395.900
665          8     23     382.060     390.924
666          8     24     371.181     383.401
667          8     25     358.341     373.783
668          8     26     349.962     367.226
669          8     27     340.437     357.649
670          8     28     336.393     350.521
671          8     29     331.213     343.019
672          8     30     321.291     333.147
673          8     31     318.756     330.507
674          8     32     310.394     325.554
675          8     33     308.186     322.810
676          8     34     317.543     331.333
677          8     35     316.682     331.448
678          8     36     317.853     333.264
679          8     37     313.807     330.394
680          8     38     306.689     325.959
681          8     39     299.282     318.017
682          8     40     291.788     311.854
683          8     41     281.278     302.180
684          8     42     271.925     291.029
685          8     43     260.245     280.301
686          8     44     253.523     279.275
687          8     45     235.477     269.946
688          8     46     223.867     267.517
689          8     47     215.168     265.221
690          8     48     203.398     263.690
691          8     49     209.024     265.233
692          8     50     206.334     265.210
693          8     51     183.543     258.851
694          8     52     184.622     259.937
695          8     53     195.767     264.583
696          8     54     209.828     271.169
697          8     55     208.742     266.060
698          8     56     210.569     264.598
699          8     57     211.628     266.682
700          8     58     213.028     270.769
701          8     59     212.649     269.258
702          8     60     216.505     269.979
703          8     61     217.183     273.877
704          8     62     217.056     279.651
705          8     63     218.199     278.676
706          8     64     224.329     280.363
707          8     65     226.080     281.780
708          8     66     227.061     279.274
709          8     67     225.791     281.233
710          8     68     225.329     283.853
711          8     69     225.269     281.546
712          8     70     213.345     302.111
713          8     71     212.433     301.933
714          8     72     218.450     290.304
715          8     73     211.706     304.550
716          8     74     208.199     312.213
717          8     75     209.218     308.156
718          8     76     217.847     289.289
719          8     77     212.539     302.179
720          8     78     209.220     309.148
721          8     79     214.691     292.229
722          8     80     216.474     289.002
723          8     81     214.001     297.590
724          8     82     209.722     305.303
725          8     84     207.074     308.211
726          8     85     208.580     305.079
727          8     86     216.272     286.067
728          8     87     220.908     283.336
729          8     88     212.694     298.404
730          8     89     207.228     309.522
731          8     90     207.312     309.859
732          8     91     203.889     315.734
733          8     94     212.743     298.654
734          8     95     211.783     302.746
735         13      0     573.252     571.320
736         13      1     572.395     570.641
737         13      2     573.738     570.089
738         13      3     574.330     570.930
739         13      4     573.646     570.568
740         13      5     575.547     571.088
741         13      6     571.233     570.148
742         13      7     572.546     570.263
743         13      8     575.721     570.884
744         13      9     578.048     572.199
745         13     10     585.975     576.847
746         13     11     591.708     576.206
747         13     12     597.259     577.043
748         13     13     608.934     579.572
749         13     14     614.306     580.966
750         13     15     616.105     581.911
751         13     16     617.438     580.730
752         13     17     619.583     580.906
753         13     18     618.361     581.210
754         13     19     618.208     580.346
755         13     20     618.968     580.878
756         13     21     615.996     581.756
757         13     22     613.266     581.077
758         13     23     609.998     581.395
759         13     24     606.750     579.833
760         13     25     602.746     575.963
761         13     26     602.967     574.886
762         13     27     608.025     573.872
763         13     28     610.928     572.478
764         13     29     615.938     572.762
765         13     30     616.994     573.416
766         13     31     627.538     574.592
767         13     32     642.352     577.067
768         13     33     661.950     575.818
769         17      1     386.390     182.628
770         17      2     384.510     177.739
771         17      3     387.354     177.904
772         17      4     389.193     177.334
773         17      5     392.104     177.855
774         17      6     395.818     178.617
775         17      7     395.724     177.447
776         17      8     395.391     175.675
777         17      9     398.248     177.113
778         17     11     398.446     176.630
779         17     12     394.877     174.623
780         17     13     395.511     174.980
781         17     14     397.451     177.159
782         17     15     397.632     177.227
783         17     16     400.066     174.358
784         17     17     398.371     173.695
785         17     18     399.025     173.357
786         17     19     401.384     174.952
787         17     20     401.744     174.952
788         17     21     405.571     176.165
789         17     22     403.838     175.208
790         19      4     250.953     365.031
791         19      5     248.431     361.517
792         19      6     248.565     359.687
793         19      7     246.309     359.475
794         19      8     245.292     359.465
795         19      9     243.413     358.767
796         19     10     245.497     359.189
797         19     11     245.135     358.820
798         19     12     240.776     355.125
799         19     13     237.500     354.679
800         19     14     238.312     358.278
801         19     15     236.477     373.401
802         19     16     234.567     380.213
803         19     17     236.845     381.551
804         19     18     236.693     385.620
805         19     19     238.332     384.409
806         19     20     237.432     384.644
807         19     21     242.277     385.294
808         19     22     245.664     382.381
809         19     23     245.539     381.286
810         19     24     247.361     379.297
811         19     25     251.442     374.371
812         19     26     250.684     369.182
813         19     27     242.129     364.549
814         19     28     238.011     368.528
815         19     29     236.786     381.566
816         19     30     237.252     382.980
817         19     31     234.607     386.874
818         19     32     239.264     388.918
819         19     33     244.864     388.181
820         19     34     251.507     388.228
821         19     35     262.707     388.751
822         19     36     270.173     388.120
823         19     37     267.404     389.019
824         19     38     261.707     392.019
825         19     39     262.848     387.658
826         19     40     274.290     391.174
827         19     41     277.639     387.833
828         19     42     281.979     386.946
829         19     43     280.024     381.682
830         19     44     270.771     369.748
831         19     45     272.179     363.244
832         19     46     282.200     365.144
833         19     47     279.410     369.152
834         19     48     277.483     372.872
835         19     49     277.485     371.225
836         19     50     275.324     372.570
837         19     51     273.943     374.239
838         19     52     273.720     374.335
839         19     53     275.164     373.450
840         19     54     273.143     375.112
841         19     55     276.095     376.906
842         19     56     280.833     375.997
843         19     57     284.063     377.913
844         19     58     286.581     378.890
845         19     59     290.966     377.413
846         19     60     276.945     376.972
847         19     61     274.438     384.777
848         19     62     273.952     389.047
849         19     65     277.773     379.551
850         19     66     268.948     380.908
851         19     67     266.850     382.053
852         19     68     264.346     386.198
853         19     69     266.189     393.814
854         19     70     267.207     397.619
855         19     71     270.608     394.918
856         19     72     271.661     387.301
857         19     73     274.296     377.710
858         19     74     272.696     379.952
859         22      7     648.927     620.262
860         22      8     651.408     618.679
861         22      9     652.816     618.124
862         22     10     652.749     620.090
863         22     11     653.049     620.091
864         22     12     653.257     618.427
865         22     13     653.277     620.096
866         22     14     649.323     620.641
867         22     15     649.488     621.210
868         22     16     650.741     620.396
869         22     17     652.612     620.010
870         22     18     654.020     618.182
871         22     19     656.168     614.920
872         22     20     658.055     613.536
873         22     21     657.479     619.047
874         22     22     657.459     617.383
875         22     23     659.704     618.311
876         22     24     662.778     618.192
877         22     25     664.950     611.650
878         22     26     664.950     608.400
879         22     27     664.950     607.750
880         22     28     664.950     605.150
881         22     29     664.950     605.150
882         22     30     664.950     605.150
883         22     34     664.950     607.100
884         22     35     664.950     612.300
885         22     36     664.950     611.000
886         22     37     664.950     611.650
887         22     38     664.950     611.000
888         22     39     664.950     611.000
889         22     40     664.950     612.300
890         22     41     664.950     611.650
891         22     42     664.950     607.750
892         22     43     664.950     605.800
893         22     44     664.950     602.550
894         22     45     660.950     605.435
895         22     46     661.353     604.496
896         22     47     660.955     605.018
897         22     48     660.041     605.588
898         22     49     659.375     604.477
899         22     50     659.548     604.061
900         22     51     660.250     601.157
901         22     52     658.025     602.081
902         22     53     659.102     601.530
903         22     54     658.238     600.000
904         22     55     657.575     601.574
905         22     56     658.291     599.255
906         22     57     656.167     600.043
907         22     58     655.890     599.800
908         22     59     655.727     599.787
909         22     60     655.606     600.588
910         22     61     655.386     600.592
911         22     62     658.062     598.245
912         22     63     661.320     595.395
913         23     12     430.377     150.022
914         23     13     430.622     150.155
915         23     14     430.590     150.286
916         23     15     430.219     150.900
917         23     16     430.551     150.262
918         23     17     430.364     150.592
919         23     18     430.588     150.801
920         23     19     430.636     150.296
921         23     20     430.421     149.984
922         23     21     430.175     150.932
923         23     22     430.612     150.502
924         23     23     431.009     152.006
925         23     24     430.468     151.436
926         23     25     429.761     148.638
927         23     26     428.865     147.025
928         23     27     427.890     145.184
929         23     28     427.744     143.179
930         23     29     427.646     143.053
931         23     30     427.946     144.272
932         23     31     428.064     144.696
933         23     32     428.470     146.986
934         23     33     417.808     152.569
935         23     34     414.950     159.286
936         23     39     408.453     167.195
937         23     40     408.200     169.439
938         23     41     407.393     167.012
939         23     42     407.361     164.266
940         23     43     410.907     165.581
941         23     44     407.223     151.404
942         23     45     406.754     150.824
943         23     46     409.084     159.738
944         23     47     411.987     155.483
945         23     48     409.015     154.007
946         23     49     410.896     152.146
947         23     51     413.620     149.124
948         23     52     415.278     147.022
949         23     53     415.935     142.014
950         23     54     414.566     141.045
951         23     55     411.187     142.946
952         23     56     413.912     141.620
953         23     57     408.494     139.380
954         23     58     408.798     138.119
955         23     59     409.789     137.119
956         23     60     411.893     136.718
957         23     61     411.558     135.524
958         23     62     420.751     134.409
959         23     63     423.242     130.417
960         23     64     422.936     129.835
961         23     65     426.426     126.674
962         23     66     421.119     125.518
963         23     67     422.878     122.652
964         23     68     423.805     124.174
965         27     17     108.081     430.081
966         27     18     111.713     433.525
967         27     19     110.897     433.325
968         27     20     110.915     435.832
969         27     21     114.385     435.242
970         27     22     114.830     435.059
971         27     23     113.941     438.253
972         27     24     114.322     436.901
973         27     25     112.648     436.579
974         27     26     110.986     440.050
975         27     27     110.950     438.649
976         27     28     114.723     428.818
977         27     29     114.886     425.067
978         27     30     114.770     430.420
979         27     31     118.905     427.339
980         27     32     122.362     426.778
981         27     33     123.897     426.757
982         27     34     118.900     431.658
983         27     35     118.263     438.440
984         27     36     113.846     450.263
985         27     37     109.211     458.121
986         27     38     105.234     464.772
987         27     39     107.704     462.651
988         27     40     114.087     454.781
989         27     41     113.179     456.373
990         27     42     107.013     465.216
991         27     43      99.481     470.644
992         27     45      94.969     477.490
993         27     46      93.527     478.737
994         27     47      94.948     478.785
995         27     48      95.416     479.436
996         28     20     526.449     528.277
997         28     21     526.609     529.233
998         28     22     521.272     523.396
999         28     23     514.978     521.621
1000        28     24     515.714     520.687
1001        28     25     514.648     516.126
1002        28     26     513.789     515.922
1003        28     27     513.620     513.133
1004        28     28     509.076     510.499
1005        28     29     515.118     515.143
1006        28     30     513.424     512.932
1007        28     31     511.791     514.195
1008        28     32     514.039     517.056
1009        28     33     512.951     516.347
1010        28     34     509.006     514.610
1011        28     35     509.736     516.340
1012        28     36     510.322     518.860
1013        28     37     504.180     516.458
1014        28     38     499.258     513.449
1015        28     39     498.306     513.376
1016        28     40     502.779     516.560
1017        28     41     496.427     513.462
1018        28     42     493.182     513.620
1019        28     43     495.423     514.934
1020        28     44     498.263     514.983
1021        28     45     491.944     509.195
1022        28     46     490.196     508.776
1023        28     47     489.021     510.063
1024        28     48     493.746     510.504
1025        28     49     487.111     508.276
1026        28     50     498.218     513.758
1027        28     51     494.477     514.608
1028        28     52     499.345     515.180
1029        28     53     500.278     517.584
1030        28     54     498.792     517.696
1031        28     55     498.266     515.307
1032        28     56     501.348     519.460
1033        28     57     505.778     522.230
1034        28     58     506.068     521.189
1035        28     59     504.710     520.109
1036        28     60     499.790     518.746
1037        28     61     501.887     521.871
1038        28     62     500.906     520.299
1039        28     63     504.465     522.588
1040        28     64     499.574     519.176
1041        28     65     497.101     519.646
1042        28     66     500.166     521.344
1043        31     27     558.338     541.671
1044        31     28     554.424     538.100
1045        31     29     547.319     532.454
1046        31     30     552.364     536.886
1047        31     31     544.292     534.551
1048        31     32     535.428     530.535
1049        31     33     548.210     535.863
1050        31     34     546.235     534.324
1051        31     35     532.496     529.634
1052        31     36     534.510     531.642
1053        31     37     539.874     532.530
1054        31     38     537.523     533.198
1055        31     39     531.643     530.000
1056        31     40     529.595     529.364
1057        31     44     533.631     528.615
1058        31     45     534.787     531.978
1059        31     46     534.275     531.013
1060        31     47     531.413     530.047
1061        31     48     527.153     526.252
1062        39     38     240.162     313.128
1063        39     39     238.209     310.435
1064        39     40     239.677     315.927
1065        39     41     240.064     317.472
1066        39     42     240.732     318.532
1067        39     43     241.622     324.544
1068        39     44     242.842     325.024
1069        39     45     242.743     324.274
1070        39     46     245.423     324.858
1071        39     47     248.913     324.581
1072        39     48     254.489     326.143
1073        39     49     262.532     329.879
1074        39     50     263.825     328.345
1075        39     51     266.495     326.783
1076        39     52     267.529     325.069
1077        39     53     267.048     324.141
1078        39     54     276.272     316.683
1079        39     55     281.324     313.304
1080        39     56     283.237     311.415
1081        39     57     281.663     311.223
1082        39     58     281.892     310.116
1083        39     59     277.779     310.380
1084        39     60     275.940     312.535
1085        39     61     275.482     312.007
1086        39     62     280.471     308.825
1087        39     63     283.343     311.488
1088        39     64     282.135     310.767
1089        39     65     282.436     310.660
1090        39     66     283.083     309.762
1091        39     67     282.700     310.000
1092        39     68     283.471     307.523
1093        39     69     282.028     305.849
1094        39     70     281.429     304.919
1095        39     71     279.395     303.702
1096        39     72     276.555     302.101
1097        39     73     272.762     299.460
1098        39     74     271.926     298.126
1099        39     75     268.987     297.700
1100        39     76     269.551     295.390
1101        39     77     266.460     294.788
1102        39     78     263.268     295.502
1103        39     79     263.190     296.240
1104        39     80     261.540     296.805
1105        39     81     260.911     297.066
1106        39     82     260.503     298.720
1107        39     83     257.146     298.064
1108        39     84     254.625     298.016
1109        39     85     250.995     298.370
1110        39     86     249.384     295.409
1111        39     87     252.553     294.259
1112        39     88     253.532     293.689
1113        39     89     251.273     296.517
1114        39     90     250.488     301.870
1115        39     91     252.109     304.297
1116        39     92     253.008     305.437
1117        39     93     253.841     308.044
1118        39     94     252.638     307.299
1119        39     95     251.778     305.524
1120        39     96     252.777     303.079
1121        46     48     545.707     538.843
1122        46     49     539.131     535.787
1123        46     50     531.184     529.839
1124        46     51     535.013     535.354
1125        46     52     540.289     539.218
1126        46     53     521.691     526.615
1127        46     54     518.235     525.092
1128        46     55     511.550     522.600
1129        46     59     519.019     525.730
1130        46     60     518.122     527.086
1131        46     61     525.704     530.049
1132        46     62     536.245     535.147
1133        46     63     524.178     531.782
1134        46     65     519.293     528.409
1135        46     66     529.331     531.939
1136        46     67     528.235     530.424
1137        46     68     525.889     531.896
1138        46     69     526.571     533.843
1139        46     70     530.827     533.333
1140        46     71     532.060     534.278
1141        46     72     528.806     530.640
1142        46     73     526.128     529.672
1143        46     74     527.392     530.757
1144        46     75     530.495     532.453
1145        46     76     529.510     535.945
1146        46     77     529.131     535.768
1147        46     78     527.678     533.254
1148        46     79     527.773     535.337
1149        46     80     528.341     534.840
1150        46     81     529.407     532.062
1151        46     82     530.303     530.877
1152        46     83     524.127     533.918
1153        46     84     521.544     534.886
1154        46     85     517.395     538.205
1155        46     86     521.625     537.414
1156        48     51     551.361     541.316
1157        48     52     552.584     541.551
1158        48     53     547.745     541.408
1159        48     54     550.707     543.597
1160        48     55     545.611     541.370
1161        48     56     542.390     537.171
1162        48     57     558.204     543.902
1163        48     58     553.065     542.821
1164        48     59     549.974     542.057
1165        48     60     544.652     538.813
1166        48     61     547.873     539.977
1167        48     62     550.682     543.363
1168        48     63     542.356     540.856
1169        48     64     535.759     536.490
1170        48     65     544.017     539.502
1171        48     66     543.881     541.518
1172        48     67     543.313     541.177
1173        48     68     537.744     550.095
1174        48     69     539.047     551.135
1175        48     70     532.586     553.882
1176        48     71     528.549     554.705
1177        48     72     533.598     550.497
1178        48     73     532.236     549.834
1179        48     74     540.243     550.379
1180        48     75     523.250     554.008
1181        48     76     525.311     559.758
1182        48     77     525.516     559.990
1183        48     78     529.511     561.489
1184        48     79     517.838     558.216
1185        48     80     524.276     560.229
1186        48     81     523.746     562.578
1187        48     82     526.875     562.344
1188        48     83     526.706     558.318
1189        48     84     527.199     556.978
1190        48     85     523.632     556.649
1191        48     86     522.471     554.407
1192        48     87     519.537     549.727
1193        48     88     515.873     552.358
1194        48     89     513.735     551.502
1195        48     90     510.858     553.255
1196        48     91     511.445     550.456
1197        48     92     510.534     552.050
1198        48     94     500.524     559.165
1199        48     95     496.048     563.725
1200        48     96     490.003     562.972
1201        51     57     255.388     466.805
1202        51     58     253.675     469.426
1203        51     59     254.847     468.855
1204        51     60     254.337     471.426
1205        51     61     250.562     476.498
1206        51     62     249.130     477.223
1207        51     63     248.754     478.934
1208        51     64     250.020     479.764
1209        51     65     250.689     478.746
1210        51     66     250.869     478.474
1211        51     67     254.750     476.651
1212        51     68     255.066     474.535
1213        51     69     257.169     472.062
1214        51     70     256.106     473.472
1215        51     71     256.294     473.309
1216        51     72     260.235     471.318
1217        51     73     260.500     471.313
1218        51     74     263.602     469.288
1219        51     78     250.525     479.055
1220        51     79     244.578     485.162
1221        51     80     243.127     487.964
1222        51     81     238.056     494.548
1223        51     82     232.950     501.371
1224        51     83     232.179     501.246
1225        51     84     233.645     499.703
1226        51     85     236.314     494.426
1227        51     86     238.841     491.777
1228        51     87     241.259     485.839
1229        51     88     246.181     482.757
1230        51     89     240.380     489.652
1231        51     90     227.542     505.798
1232        51     91     232.866     500.597
1233        51     92     237.057     495.550
1234        51     93     239.004     493.446
1235        55     61     411.558     135.524
1236        55     62     413.446     123.440
1237        55     63     411.420     123.753
1238        55     65     413.094     118.947
1239        55     66     410.519     118.910
1240        55     67     413.064     115.377
1241        55     68     413.407     114.467
1242        55     72     410.779     113.320
1243        55     73     423.568     118.802
1244        55     74     423.523     117.745
1245        55     75     422.259     112.182
1246        55     77     422.700     111.518
1247        55     78     422.638     112.766
1248        55     79     420.292     112.970
1249        55     80     419.157     112.553
1250        55     81     419.400     111.276
1251        55     82     418.881     111.449
1252        55     83     419.611     106.232
1253        55     84     416.920     104.205
1254        55     85     416.486     105.252
1255        55     86     414.389     106.378
1256        55     87     415.032     105.922
1257        55     88     417.186     105.424
1258        55     89     416.057     106.628
1259        55     90     414.206     108.198
1260        55     91     415.018     107.589
1261        55     92     410.520     105.305
1262        55     93     405.527     103.000
1263        55     94     408.907     106.600
1264        55     95     407.853     109.984
1265        55     96     407.605     110.442
1266        56     63     421.269     447.813
1267        56     64     426.625     451.727
1268        56     65     425.736     449.229
1269        56     66     433.442     453.583
1270        56     67     441.428     459.166
1271        56     68     436.933     455.607
1272        56     69     446.389     460.609
1273        56     71     432.631     454.659
1274        56     72     411.505     446.939
1275        56     73     411.038     446.223
1276        56     74     415.416     449.401
1277        56     75     429.688     449.043
1278        56     76     440.425     455.324
1279        56     77     447.858     459.261
1280        56     78     442.492     457.357
1281        56     79     444.604     460.173
1282        56     80     437.655     455.297
1283        56     81     417.603     448.926
1284        56     82     410.707     448.361
1285        56     83     413.208     449.085
1286        56     84     434.230     454.097
1287        56     85     441.734     457.547
1288        56     86     444.326     457.885
1289        56     87     459.720     465.641
1290        56     88     455.751     464.508
1291        56     89     469.166     470.003
1292        56     90     458.023     467.369
1293        56     91     470.382     471.400
1294        56     92     472.504     471.213
1295        56     93     470.084     472.112
1296        56     94     471.061     472.609
1297        56     95     476.402     475.722
1298        56     96     477.389     478.669
1299        57     63     664.950     594.100
1300        57     64     664.950     592.800
1301        57     65     660.478     592.399
1302        57     66     662.880     589.265
1303        57     67     660.576     589.247
1304        57     68     659.218     590.578
1305        57     69     657.089     591.585
1306        57     70     655.714     591.296
1307        57     71     655.813     591.422
1308        57     72     655.543     592.067
1309        57     73     656.205     591.087
1310        57     74     657.117     588.688
1311        57     75     658.407     586.952
1312        57     76     656.090     587.481
1313        57     77     654.893     587.291
1314        57     78     654.854     587.389
1315        57     79     658.048     583.574
1316        57     80     658.666     582.657
1317        57     81     664.950     578.500
1318        57     82     660.224     576.970
1319        57     83     657.143     576.999
1320        57     84     657.839     574.448
1321        57     85     659.415     573.386
1322        57     86     659.988     570.901
1323        57     87     660.348     568.082
1324        57     88     664.613     565.321
1325        57     89     659.684     563.994
1326        57     90     659.179     563.766
1327        57     91     658.431     563.109
1328        57     92     657.925     562.208
1329        57     93     658.771     560.406
1330        57     94     660.067     557.608
1331        57     95     661.125     556.864
1332        61     74     162.859     272.407
1333        61     75     159.961     272.815
1334        61     76     156.029     273.071
1335        61     77     147.532     276.143
1336        61     78     161.640     272.568
1337        61     79     180.336     270.819
1338        61     80     177.506     271.889
1339        61     81     173.094     273.402
1340        61     82     151.821     277.417
1341        61     83     144.021     279.441
1342        61     84     139.279     281.545
1343        61     85     159.021     276.132
1344        61     86     180.426     268.734
1345        61     87     189.448     265.783
1346        61     88     196.219     260.853
1347        61     89     193.801     262.588
1348        61     94     189.946     263.842
1349        61     95     185.039     266.076
1350        63     74     251.754     476.518
1351        63     75     254.393     474.947
1352        63     76     252.696     475.879
1353        63     77     253.712     475.874
1354        63     78     257.400     473.850
1355        63     79     255.640     474.058
1356        63     80     252.112     477.929
1357        63     81     248.804     480.384
1358        63     82     243.499     485.583
1359        63     83     240.293     490.412
1360        63     88     246.181     482.757
1361        63     89     247.139     482.344
1362        63     90     235.266     493.229
1363        63     92     247.351     481.698
1364        63     93     239.850     491.400
1365        63     94     240.679     487.229
1366        63     95     237.682     488.097
1367        63     96     239.645     492.433