     TRACK_ID  FRAME  POSITION_X  POSITION_Y
0           1      0     373.697      96.579
1           1      1     373.033      90.405
2           1      2     379.706      67.023
3           1      3     366.572      59.384
4           1      4     370.693      66.530
5           1      5     375.251      47.511
6           1      6     379.178      25.742
7           1      7     378.754      35.260
8           1      8     377.996      24.542
9           1      9     382.310      14.887
10          1     10     388.314      37.643
11          1     11     402.050      50.057
12          1     12     386.495      34.197
13          1     13     385.846      34.118
14          1     14     386.975      33.323
15          1     15     387.706      33.754
16          1     16     386.880      34.753
17          1     17     386.420      33.893
18          1     18     389.169      33.648
19          1     19     386.562      34.837
20          1     20     387.571      33.313
21          1     21     385.141      34.458
22          1     22     386.708      34.034
23          1     23     387.431      36.786
24          1     24     389.371      36.437
25          1     25     387.883      34.643
26          1     26     383.319      31.995
27          1     27     387.704      35.226
28          1     28     388.761      35.643
29          1     29     386.136      35.877
30          1     30     388.023      35.543
31          1     31     389.983      33.350
32          1     32     384.713      39.872
33          1     33     387.254      35.957
34          1     34     387.608      36.825
35          1     35     385.933      36.559
36          1     36     384.440      37.566
37          1     37     385.279      34.440
38          1     38     387.997      35.716
39          1     39     388.209      34.367
40          1     40     389.147      36.301
41          1     41     390.386      34.273
42          1     42     385.630      32.721
43          1     43     387.229      33.408
44          1     44     386.825      33.388
45          1     45     387.443      31.996
46          1     46     388.788      33.978
47          1     47     389.995      34.188
48          1     48     388.124      30.664
49          1     49     387.629      32.539
50          1     50     387.291      35.722
51          1     51     389.749      35.697
52          1     52     389.832      32.284
53          1     53     386.849      33.662
54          1     54     380.476      34.664
55          1     55     388.295      33.854
56          1     56     387.076      30.159
57          1     57     384.784      30.108
58          1     58     387.628      32.575
59          1     59     384.722      39.991
60          1     60     387.654      37.984
61          1     61     385.378      30.891
62          1     62     384.063      35.529
63          1     63     386.494      30.283
64          1     64     388.082      30.995
65          1     65     388.972      38.343
66          1     66     385.356      29.774
67          1     67     387.128      34.629
68          1     68     389.571      33.997
69          1     69     386.751      33.134
70          1     70     387.884      32.667
71          1     71     388.815      32.091
72          1     72     389.750      31.385
73          1     73     387.717      33.577
74          1     74     388.954      27.033
75          1     75     388.241      40.939
76          1     77     393.163      46.045
77          1     78     399.699      42.130
78          1     79     414.227      37.962
79          3      0     425.159     117.457
80          3      1     425.022     119.501
81          3      2     424.717     118.185
82          3      3     426.070     117.888
83          3      4     431.771     116.043
84          3      5     425.518     117.710
85          3      6     425.288     118.458
86          3      7     425.511     118.084
87          3      8     425.932     117.498
88          3      9     426.964     120.662
89          3     10     427.845     122.798
90          3     11     427.351     122.198
91          3     12     428.518     134.607
92          3     13     430.794     133.217
93          3     14     433.454     145.195
94          3     15     437.101     149.844
95          3     16     438.168     163.035
96          3     17     437.361     158.827
97          3     18     438.146     168.059
98          3     19     436.036     171.314
99          3     20     435.604     173.187
100         3     21     436.901     174.737
101         3     22     445.061     172.298
102         3     23     450.395     164.046
103         3     24     428.589     169.300
104         3     25     426.607     171.778
105         3     26     427.246     173.913
106         3     27     439.878     181.008
107         3     28     447.998     188.184
108         3     29     439.551     192.505
109         3     30     447.526     186.725
110         3     31     432.308     204.648
111         3     32     430.061     208.799
112         3     33     437.836     206.236
113         3     34     440.600     216.262
114         3     35     442.041     218.704
115         3     36     441.097     215.347
116         3     37     438.522     216.573
117         8      0     245.149     445.068
118         8      1     236.648     435.386
119         8      2     237.869     429.046
120         8      3     241.247     428.854
121         8      4     243.058     427.129
122         8      5     242.694     423.284
123         8      6     235.204     425.694
124         8      7     241.864     441.479
125         8      8     236.356     425.869
126         8      9     240.789     426.237
127         8     10     243.409     425.369
128         8     11     242.241     416.242
129         8     12     249.399     416.020
130         8     13     243.060     421.101
131         8     14     246.122     419.645
132         8     15     246.495     420.812
133         8     16     252.034     420.064
134         8     17     250.333     421.137
135         8     18     256.138     418.443
136         8     19     263.905     422.389
137         8     20     272.514     415.516
138         8     21     268.373     407.237
139         8     22     268.612     421.657
140         8     23     262.290     419.037
141         8     24     263.043     412.044
142         8     25     271.189     413.724
143         8     26     269.339     419.046
144         8     27     273.806     416.908
145        13      2     261.173     149.180
146        13      3     256.150     152.141
147        13      4     263.689     151.655
148        13      6     267.581     157.065
149        13      7     267.631     151.146
150        13      8     261.273     148.588
151        13      9     260.398     148.878
152        13     10     256.883     147.350
153        13     11     247.092     148.693
154        13     12     259.794     147.089
155        13     13     258.035     136.463
156        13     14     259.296     132.084
157        13     15     257.539     131.861
158        13     16     258.045     131.694
159        13     17     259.507     130.143
160        13     18     261.930     133.200
161        13     19     257.521     130.338
162        13     20     256.582     129.311
163        13     21     250.078     130.209
164        13     22     258.791     128.608
165        13     23     259.497     129.194
166        13     24     257.956     127.165
167        13     25     262.194     128.417
168        13     26     263.307     127.526
169        13     27     261.225     126.255
170        13     28     257.082     124.709
171        13     29     251.215     123.163
172        13     30     260.193     126.623
173        13     31     257.181     125.337
174        13     32     252.575     125.851
175        13     33     268.559     130.657
176        13     34     272.681     130.324
177        13     35     264.085     132.320
178        13     36     255.179     128.970
179        13     37     266.563     128.688
180        13     38     269.465     129.541
181        13     39     266.979     131.814
182        13     40     269.934     131.278
183        13     41     277.446     135.090
184        13     42     272.687     132.698
185        13     43     278.611     131.763
186        13     44     261.181     128.844
187        13     45     260.262     130.420
188        13     46     261.472     132.508
189        13     47     259.525     133.242
190        13     48     260.744     132.323
191        13     49     260.180     132.258
192        13     50     256.992     130.939
193        13     51     257.137     131.882
194        13     52     253.470     132.247
195        13     53     251.736     128.627
196        13     54     251.931     128.532
197        13     55     244.133     136.552
198        13     56     244.210     140.439
199        13     57     235.269     138.721
200        13     58     246.160     142.412
201        13     59     242.568     144.318
202        13     60     235.799     145.857
203        13     61     238.049     151.021
204        13     62     235.310     153.060
205        13     63     233.914     151.329
206        13     64     237.227     157.075
207        13     65     234.563     153.303
208        13     66     226.842     152.933
209        13     67     215.967     157.213
210        13     68     229.681     147.726
211        13     69     224.842     152.401
212        13     70     226.705     148.513
213        13     71     223.013     146.215
214        35     15     156.947     229.007
215        35     16     158.359     237.680
216        35     17     162.227     244.242
217        35     18     166.129     248.888
218        35     19     167.604     254.402
219        35     20     168.801     254.453
220        35     21     170.476     253.797
221        35     22     170.952     254.781
222        35     23     170.591     252.609
223        35     24     170.425     253.267
224        35     25     173.266     253.687
225        35     26     172.605     254.349
226        35     27     173.257     256.087
227        35     28     170.283     251.922
228        35     29     170.592     253.169
229        35     30     167.489     246.440
230        35     31     169.361     245.736
231        35     32     163.255     236.180
232        35     33     155.962     222.184
233        35     34     156.532     224.368
234        35     35     158.866     225.898
235        35     36     159.078     229.417
236        35     37     160.840     237.028
237        35     38     163.256     237.492
238        35     39     163.090     247.506
239        35     40     164.078     245.564
240        35     41     167.823     255.522
241        35     42     166.565     259.139
242        35     43     167.842     270.973
243        35     44     169.824     278.230
244        35     45     171.365     280.876
245        35     46     177.058     297.755
246        35     47     179.299     302.580
247        35     48     179.044     304.464
248        35     49     177.156     307.566
249        35     50     175.776     310.544
250        35     51     175.224     311.519
251        35     52     173.677     311.833
252        35     53     171.525     313.322
253        35     54     171.386     312.620
254        35     55     176.434     309.963
255        35     56     175.936     310.845
256        35     57     176.048     311.290
257        35     58     176.763     309.728
258        57     32      77.775     497.969
259        57     33      70.671     495.599
260        57     34      67.537     493.316
261        57     35      69.548     491.834
262        57     36      57.123     490.530
263        57     37      57.995     490.802
264        57     38      59.019     488.578
265        57     39      50.698     488.194
266        57     40      48.608     489.974
267        57     41      45.313     491.309
268        57     42      46.637     489.563
269        57     43      40.592     479.956
270        57     44      45.653     483.519
271        57     45      46.262     485.298
272        57     46      45.195     491.910
273        57     47      45.902     490.960
274        57     48      45.572     492.964
275        57     49      48.174     491.756
276        57     50      52.097     489.636
277        57     51      43.731     487.232
278        57     52      44.355     488.223
279        57     53      47.546     485.572
280        57     54      37.844     487.167
281        57     55      33.529     484.386
282        57     56      26.272     484.174
283        57     57      21.931     482.336
284        65     39     128.675     379.268
285        65     40     126.621     370.272
286        65     41     137.377     369.324
287        65     42     123.571     360.271
288        65     43     121.163     349.863
289        65     44     115.200     350.812
290        65     45     118.206     363.652
291        65     46     104.935     370.200
292        65     47     112.246     376.391
293        65     48     124.287     373.912
294        65     49     123.822     384.746
295        65     50     130.848     375.647
296        65     51     122.374     373.845
297        65     52     112.243     370.519
298        65     53     105.018     359.066
299        65     54     101.999     359.484
300        65     55      96.062     344.310
301        65     56     100.660     347.061
302        65     57     111.224     353.860
303        65     58      97.850     343.537
304        65     59     100.151     347.911
305        65     60     107.373     346.486
306        65     61     108.521     347.977
307        65     62     104.365     356.959
308        65     63     105.165     357.126
309        65     64     107.210     352.535
310        65     65      88.097     350.489
311        65     66      86.423     359.687
312        65     67      91.142     354.145
313        65     68      81.572     362.740
314        65     69      92.976     357.803
315        65     70      85.724     350.215
316        65     71      78.654     349.378
317        65     72      79.602     339.007
318        65     73      75.011     360.496
319        65     74      56.853     363.335
320        65     75      54.885     361.352
321        65     76      53.175     366.584
322        65     77      30.864     370.104
323        65     78      35.486     360.072
324        65     79      42.248     361.829
325        65     80      39.948     352.623
326        65     81      47.355     354.420
327        65     82      49.540     351.956
328        65     83      55.903     356.537
329        65     84      52.873     354.557
330        77     49     315.896     630.452
331        77     50     314.775     625.474
332        77     51     309.995     623.589
333        77     52     311.600     622.291
334        77     53     314.594     623.612
335        77     54     328.059     629.873
336        77     55     329.417     628.035
337        77     56     339.260     609.637
338        77     57     340.699     607.958
339        77     58     344.346     607.482
340        77     59     347.800     612.279
341        77     60     351.459     612.479
342        77     61     355.267     607.811
343        77     62     353.885     609.709
344        77     63     359.365     607.339
345        77     64     357.015     609.385
346        77     65     352.492     608.315
347        77     66     359.502     610.641
348        77     67     364.553     617.558
349        77     68     356.901     618.291
350        77     69     364.579     620.928
351        77     71     363.538     624.825
352        77     72     371.247     620.165
353        77     73     375.039     621.269
354        77     74     380.875     625.908
355        77     75     369.829     626.721
356        77     76     362.430     626.719
357        77     77     362.932     629.018
358        77     78     362.045     630.321
359        77     79     376.320     630.278
360        77     80     384.487     635.947
361        77     81     381.362     635.238
362        77     82     382.677     635.236
363        77     83     381.218     645.108
364        77     84     378.927     642.212
365        77     85     379.371     628.106
366        77     86     377.497     629.938
367        77     87     382.879     618.657
368        77     88     383.395     619.412
369        77     89     376.932     614.287
370        77     90     376.219     599.960
371        77     91     376.083     600.072
372        77     92     358.922     595.008
373        77     93     347.036     585.483
374        77     94     337.817     585.536
375        82     53     318.755     314.998
376        82     54     319.147     296.429
377        82     55     321.860     295.143
378        82     56     320.605     293.994
379        82     57     305.402     292.656
380        82     58     314.776     296.593
381        82     59     315.877     289.808
382        82     60     319.207     280.470
383        82     61     322.982     295.389
384        82     62     316.694     281.313
385        82     63     318.471     284.219
386        82     64     318.206     296.228
387        82     65     319.069     290.956
388        82     66     318.006     295.394
389        82     67     318.139     294.319
390        82     68     317.841     293.849
391        82     69     308.814     296.861
392        82     70     311.561     289.964
393        82     71     301.700     293.783
394        82     72     307.930     287.763
395        82     73     318.731     272.252
396        82     74     307.609     282.313
397        82     75     305.594     278.144
398        82     76     300.907     287.538
399        82     77     319.990     291.244
400        82     78     315.918     288.053
401        82     79     316.474     289.774
402        82     80     323.585     285.473
403        82     81     323.008     276.915
404        82     82     324.225     280.550
405        82     83     335.125     277.489
406        82     84     338.432     279.179
407        82     85     335.704     279.288
408        82     86     331.314     263.241
409        82     87     337.636     252.484
410        82     88     338.119     233.166
411        82     89     328.252     236.730
412        82     90     331.558     233.298
413        82     91     332.707     228.806
414        82     92     332.715     217.676
415        82     93     339.721     216.926
416        82     94     349.105     204.055
417        82     95     338.836     206.007
418        82     96     337.482     191.731
419        95     71     364.523     627.939
420        95     72     365.297     624.658
421        95     73     369.628     624.322
422        95     74     374.533     627.294
423        95     75     364.747     624.838
424        95     76     358.150     628.550
425        95     77     356.291     630.041
426        95     78     358.960     630.528
427        95     79     369.275     631.692
428        95     80     377.802     638.268
429        95     81     375.280     637.032
430        95     82     376.488     638.535
431        95     83     377.223     642.409
432        95     84     374.682     641.602
433        95     85     374.411     631.373
434        95     86     372.926     632.693
435        95     87     379.129     620.505
436        95     88     377.453     621.133
437        95     89     370.318     616.910
438        95     90     370.334     602.050
439        95     91     369.330     601.888
440        95     92     353.648     596.729
441        95     93     342.390     588.391
442        95     94     335.697     591.656
443        95     95     337.947     595.879
444        95     96     335.481     591.256