	TRACK_ID	FRAME	POSITION_X	POSITION_Y
0	0	0	275.005	559.799
1	0	1	274.788	560.678
2	0	2	275.062	560.678
3	0	3	275.26599999999996	561.615
4	0	4	275.601	561.7230000000001
5	0	5	275.76599999999996	561.816
6	0	6	275.89099999999996	562.148
7	0	7	275.598	562.019
8	0	8	275.825	561.86
9	0	9	272.824	561.164
10	0	10	273.20099999999996	560.081
11	0	11	273.599	561.578
12	0	12	274.134	561.6030000000001
13	0	13	273.557	559.104
14	0	18	272.904	564.519
15	0	19	277.445	571.893
16	0	20	281.816	579.703
17	0	21	284.527	587.195
18	0	22	288.078	598.109
19	0	23	291.508	607.788
20	0	24	293.029	613.656
21	0	25	295.465	620.971
22	1	0	287.822	584.247
23	1	1	287.54200000000003	585.302
24	1	2	287.829	585.187
25	1	3	287.47700000000003	585.972
26	1	4	287.688	586.144
27	1	5	287.714	586.241
28	1	6	287.506	586.683
29	1	7	286.998	586.6569999999999
30	1	8	287.16200000000003	586.315
31	1	9	287.029	586.581
32	1	10	286.85900000000004	586.367
33	1	11	286.824	586.649
34	1	12	285.931	584.934
35	1	13	279.073	571.534
36	1	14	278.244	572.951
37	1	15	278.392	571.813
38	1	16	280.559	573.8240000000001
39	1	17	281.907	577.58
40	1	18	284.738	583.74
41	1	19	286.72700000000003	590.01
42	1	20	289.505	598.271
43	1	21	292.302	605.4169999999999
44	1	22	295.051	615.9780000000001
45	1	23	295.379	623.31
46	1	24	297.349	631.134
47	1	25	296.882	631.565
48	1	26	298.374	641.716
49	1	27	301.355	645.5509999999999
50	1	28	303.35200000000003	650.9159999999999
51	1	29	305.08099999999996	654.501
52	1	30	307.45	664.95
53	1	31	308.1	664.95
54	1	32	308.75	664.95
55	1	33	309.4	664.95
56	2	0	516.028	654.236
57	2	1	509.815	648.164
58	2	2	509.36800000000005	645.03
59	2	3	501.87699999999995	633.7330000000001
60	2	4	504.50800000000004	636.879
61	2	5	504.296	636.504
62	2	6	498.585	628.5930000000001
63	2	7	493.022	622.174
64	2	8	495.686	623.312
65	2	9	502.29	632.533
66	2	10	505.728	637.9630000000001
67	2	11	495.04	625.025
68	2	12	485.05699999999996	613.641
69	2	13	487.499	612.99
70	2	14	499.08	624.206
71	2	15	501.26	626.979
72	2	16	499.936	622.779
73	2	17	494.228	614.7719999999999
74	2	18	493.23400000000004	615.904
75	2	19	495.574	616.41
76	2	20	498.27	619.9580000000001
77	2	21	499.207	621.987
78	2	22	497.667	616.547
79	2	23	496.175	614.751
80	2	24	496.095	611.827
81	2	25	494.24199999999996	613.099
82	2	26	496.084	613.078
83	2	27	494.208	609.77
84	2	28	495.785	606.567
85	2	29	495.064	607.356
86	2	30	496.26199999999994	614.038
87	2	31	498.605	616.2080000000001
88	2	32	505.17199999999997	626.4069999999999
89	2	33	504.722	628.112
90	2	34	500.3	621.646
91	2	35	492.004	609.0269999999999
92	2	36	493.82	607.164
93	2	37	494.416	606.415
94	2	38	495.31	605.8480000000001
95	2	39	495.608	606.082
96	2	40	496.712	601.52
97	3	0	259.411	36.986999999999995
98	3	1	264.15	42.299
99	3	2	266.381	41.848
100	3	3	264.288	39.343
101	3	4	269.70599999999996	34.746
102	3	5	275.172	30.458000000000002
103	3	6	276.7	28.83
104	3	7	279.145	26.479
105	3	8	284.182	34.15
106	3	9	288.476	42.67100000000001
107	3	10	290.28	47.858999999999995
108	3	11	289.83099999999996	52.06399999999999
109	3	12	292.64099999999996	49.873999999999995
110	3	13	289.28	51.559
111	3	14	289.95099999999996	48.988
112	3	15	293.533	42.053999999999995
113	3	16	294.502	41.196000000000005
114	3	17	296.091	44.033
115	3	18	297.78	45.191
116	3	19	301.617	43.585
117	3	20	299.428	43.163000000000004
118	3	21	298.837	44.622
119	3	22	300.38599999999997	49.803999999999995
120	3	23	303.153	52.619
121	3	24	303.88	54.141000000000005
122	3	25	305.738	54.006
123	3	26	305.645	53.089
124	3	27	305.39	56.032
125	3	28	299.471	56.416000000000004
126	3	29	294.982	63.088
127	3	30	291.121	64.741
128	3	31	292.026	56.126999999999995
129	3	32	291.306	60.343
130	5	0	276.14099999999996	87.508
131	5	1	273.839	89.72
132	5	2	276.577	78.153
133	5	3	278.928	75.37100000000001
134	5	4	266.483	73.21600000000001
135	5	5	260.705	66.681
136	5	6	256.661	62.693000000000005
137	5	7	254.71400000000003	63.122
138	5	8	259.955	74.032
139	5	9	265.624	82.005
140	5	10	270.89799999999997	90.46
141	5	11	272.91	94.932
142	5	12	271.371	96.649
143	5	13	267.92	97.421
144	5	14	266.869	101.074
145	5	15	266.431	99.787
146	5	16	261.029	105.663
147	5	17	256.225	113.426
148	5	18	252.995	116.066
149	5	19	257.87	102.27600000000001
150	5	20	257.087	104.195
151	5	21	253.417	104.818
152	5	22	256.16700000000003	109.565
153	5	23	251.06900000000002	119.85600000000001
154	5	24	250.551	119.92200000000001
155	5	25	255.399	114.59200000000001
156	5	26	255.045	108.75399999999999
157	5	27	258.401	98.027
158	5	28	261.472	91.882
159	5	29	261.025	84.074
160	5	30	260.303	75.953
161	5	31	258.405	75.867
162	5	32	257.42	74.396
163	5	33	255.782	83.139
164	5	34	253.204	82.602
165	5	35	252.236	83.41799999999999
166	5	36	251.481	85.695
167	5	37	252.419	75.375
168	5	38	251.69099999999997	73.812
169	5	39	250.912	68.491
170	5	40	249.71400000000003	67.321
171	5	41	248.636	61.542
172	5	42	242.293	57.791000000000004
173	5	43	238.67	56.391999999999996
174	5	44	231.91099999999997	55.125
175	5	45	222.998	52.842
176	6	0	219.575	103.936
177	6	1	217.74099999999999	104.29799999999999
178	6	2	222.88400000000001	109.772
179	6	3	223.683	113.275
180	6	4	220.892	107.295
181	6	5	218.80200000000002	105.384
182	6	6	223.06400000000002	110.93
183	6	7	224.213	114.32700000000001
184	6	8	223.325	113.788
185	6	9	222.389	109.7
186	6	10	219.416	103.544
187	6	11	223.21099999999998	114.271
188	6	12	223.59900000000002	114.54
189	6	13	219.21200000000002	100.465
190	6	14	221.237	105.044
191	6	15	222.05200000000002	106.63
192	6	16	218.81400000000002	95.119
193	6	17	220.88299999999998	98.541
194	6	18	221.252	103.505
195	6	19	220.583	102.87200000000001
196	6	20	221.3	104.68799999999999
197	6	21	221.32299999999998	106.735
198	6	22	220.72799999999998	102.022
199	6	23	221.607	106.41799999999999
200	6	24	220.118	104.49799999999999
201	6	25	221.295	108.073
202	6	26	219.674	107.508
203	6	27	220.30599999999998	106.477
204	6	28	219.97099999999998	105.561
205	6	29	220.61599999999999	109.6
206	6	30	220.422	109.23899999999999
207	6	31	220.368	109.11200000000001
208	6	32	220.43200000000002	111.774
209	6	33	219.97	110.965
210	6	34	220.734	114.08
211	6	35	219.80200000000002	113.294
212	6	36	218.977	111.11200000000001
213	6	37	219.63	112.62100000000001
214	6	38	219.75799999999998	112.257
215	6	39	217.924	110.821
216	6	40	219.924	113.265
217	6	41	218.362	112.38
218	6	42	218.0	111.365
219	6	43	219.968	114.21600000000001
220	6	44	218.796	113.565
221	6	45	218.9	113.71799999999999
222	6	46	218.375	115.594
223	6	47	217.55	116.348
224	6	48	216.765	115.755
225	6	49	219.30200000000002	117.03399999999999
226	6	50	218.581	116.351
227	6	51	218.688	116.796
228	6	52	216.74900000000002	114.98700000000001
229	6	53	217.96599999999998	116.49700000000001
230	6	54	216.805	118.15799999999999
231	6	55	217.558	116.493
232	6	56	217.06900000000002	118.306
233	6	57	217.726	118.473
234	6	58	219.226	118.37700000000001
235	6	59	219.045	120.006
236	6	60	217.215	117.774
237	6	61	220.273	119.587
238	6	62	216.613	116.24799999999999
239	6	63	218.69099999999997	118.919
240	6	64	215.588	117.72399999999999
241	6	65	216.734	117.751
242	6	66	217.923	120.757
243	6	67	219.697	118.744
244	6	68	217.642	118.435
245	6	69	221.229	119.89200000000001
246	6	70	218.07299999999998	117.821
247	6	71	219.104	118.90299999999999
248	6	72	219.083	119.21600000000001
249	6	73	217.457	119.529
250	6	74	216.209	120.00200000000001
251	6	75	220.785	120.459
252	6	76	216.459	119.219
253	6	77	219.74900000000002	122.469
254	6	78	215.75599999999997	121.064
255	6	79	216.81900000000002	122.225
256	6	80	217.04	122.635
257	6	81	216.274	122.12700000000001
258	6	82	218.94	123.05
259	6	83	218.77200000000002	125.167
260	6	84	217.33700000000002	123.191
261	6	85	216.615	124.37700000000001
262	6	86	218.201	125.34299999999999
263	6	87	216.498	123.719
264	6	88	214.763	123.788
265	6	89	216.03099999999998	126.84299999999999
266	6	90	214.976	123.805
267	6	91	215.958	124.177
268	6	92	215.15	123.171
269	6	93	215.99200000000002	125.94200000000001
270	6	94	214.607	121.65700000000001
271	6	95	215.84900000000002	125.22399999999999
272	6	96	217.86599999999999	122.398
273	9	0	110.586	209.10299999999998
274	9	1	111.545	211.317
275	9	2	111.056	209.175
276	9	3	110.603	208.97400000000002
277	9	4	111.58	209.99599999999998
278	9	5	110.78299999999999	210.17700000000002
279	9	6	111.65	210.74200000000002
280	9	7	112.458	210.51
281	9	8	112.946	211.33900000000003
282	9	9	113.381	210.946
283	9	10	111.78299999999999	210.96400000000003
284	9	11	113.12799999999999	211.16400000000002
285	9	12	113.507	210.172
286	9	13	113.35600000000001	206.894
287	9	14	114.12100000000001	207.53599999999997
288	9	15	112.56299999999999	206.00900000000001
289	9	16	112.514	202.38
290	9	17	112.041	203.139
291	9	18	112.59	201.993
292	9	19	113.23200000000001	202.005
293	9	20	113.992	202.66400000000002
294	9	21	113.594	204.203
295	9	22	115.12	205.361
296	9	23	114.541	208.65200000000002
297	9	24	115.616	208.40900000000002
298	9	25	116.083	208.055
299	9	26	116.059	208.19
300	9	27	115.963	208.78599999999997
301	9	28	115.61200000000001	208.799
302	9	29	113.963	209.208
303	9	30	114.743	209.095
304	9	31	115.58200000000001	207.919
305	9	32	114.891	207.28400000000002
306	9	33	115.571	208.174
307	9	34	116.74799999999999	208.86599999999999
308	9	35	115.74700000000001	210.835
309	9	36	115.914	211.063
310	9	37	104.041	212.515
311	9	38	97.569	210.82299999999998
312	9	39	95.666	212.092
313	9	40	93.943	212.855
314	9	41	92.398	214.828
315	9	42	98.22399999999999	213.42700000000002
316	9	43	98.066	216.028
317	9	44	99.713	214.888
318	9	45	104.61	214.74400000000003
319	9	46	112.485	207.782
320	9	47	119.833	203.929
321	9	48	123.73899999999999	198.261
322	9	49	126.546	193.142
323	9	50	130.612	187.88299999999998
324	9	51	133.111	183.707
325	9	52	135.463	183.39700000000002
326	9	53	136.79	183.24400000000003
327	10	0	641.9019999999999	213.892
328	10	1	642.514	214.895
329	10	2	642.63	225.354
330	10	3	644.797	225.27900000000002
331	10	4	649.0269999999999	225.50900000000001
332	10	5	643.4490000000001	214.59799999999998
333	10	6	645.263	214.308
334	10	7	645.5219999999999	220.00400000000002
335	10	8	648.11	230.201
336	10	9	650.585	237.37
337	10	10	649.788	241.058
338	10	11	652.7090000000001	242.80200000000002
339	10	12	652.997	241.577
340	10	13	653.929	239.03099999999998
341	10	14	655.3789999999999	239.577
342	10	15	655.416	237.921
343	10	16	656.097	236.761
344	10	17	655.349	235.93200000000002
345	10	18	655.0319999999999	235.982
346	10	19	655.383	236.205
347	10	20	655.811	238.301
348	10	21	656.245	240.718
349	10	22	656.742	245.365
350	10	23	656.0939999999999	248.983
351	10	24	657.096	249.981
352	10	25	658.3989999999999	251.479
353	10	26	658.669	251.02700000000002
354	10	27	660.507	253.576
355	10	28	664.95	253.5
356	10	29	659.975	253.07299999999998
357	10	30	664.41	255.554
358	10	31	664.95	255.45
359	10	32	664.95	257.4
360	10	33	664.95	255.45
361	10	34	664.95	254.15
362	10	35	664.95	255.45
363	10	36	664.95	256.75
364	10	37	664.95	255.45
365	10	38	664.95	255.45
366	10	39	664.95	256.75
367	10	40	664.95	256.75
368	10	41	664.95	254.8
369	10	42	664.95	254.15
370	10	43	664.95	253.5
371	10	44	664.95	253.5
372	10	45	664.95	252.2
373	10	46	664.95	252.2
374	10	47	664.95	252.2
375	10	48	664.95	250.9
376	10	49	664.95	249.6
377	10	50	664.95	248.3
378	10	51	664.95	247.65
379	10	52	664.95	247.0
380	10	53	664.95	247.0
381	10	54	664.95	246.35
382	10	55	664.95	247.65
383	10	56	664.95	247.65
384	10	57	664.95	247.65
385	10	58	664.95	247.0
386	10	59	664.95	247.0
387	10	60	664.95	247.0
388	10	61	664.95	247.0
389	10	62	664.95	247.0
390	10	63	664.95	247.0
391	10	64	664.95	247.0
392	10	65	664.95	247.65
393	10	66	664.95	247.0
394	10	67	664.95	247.0
395	10	68	664.95	247.65
396	10	69	664.95	247.65
397	10	70	664.95	247.65
398	10	71	664.95	248.3
399	10	72	664.95	247.65
400	10	73	664.95	247.65
401	10	74	664.95	248.3
402	10	75	664.95	247.65
403	10	76	664.95	247.65
404	10	77	664.95	248.3
405	10	78	664.95	247.65
406	10	79	664.95	248.3
407	10	80	664.95	248.3
408	10	81	664.95	248.3
409	10	82	664.95	248.3
410	10	83	664.95	247.65
411	10	84	664.95	248.3
412	10	85	664.95	248.95
413	10	86	664.95	248.3
414	10	87	664.95	248.3
415	10	88	664.95	250.9
416	10	89	664.95	252.2
417	10	90	664.95	252.85
418	10	91	664.95	252.2
419	10	92	664.95	252.2
420	10	93	664.95	252.2
421	10	94	664.95	251.55
422	10	95	664.95	250.9
423	10	96	664.95	250.25
424	13	0	31.488000000000003	262.289
425	13	1	31.263	263.29900000000004
426	13	2	29.976999999999997	264.625
427	13	3	31.066	267.731
428	13	4	31.391	266.875
429	13	5	26.973000000000003	270.473
430	13	6	30.038	267.048
431	13	7	27.239	270.58299999999997
432	13	8	19.385	280.372
433	13	9	19.48	279.749
434	13	10	23.163	277.03
435	13	11	16.09	280.52299999999997
436	13	12	18.697	279.697
437	13	13	23.324	276.393
438	13	14	28.898000000000003	268.15
439	13	15	31.788	266.89
440	13	16	37.624	261.904
441	13	17	45.907	259.637
442	13	18	46.583999999999996	258.751
443	13	19	48.768	254.773
444	13	20	55.32899999999999	254.93
445	13	21	59.77	257.721
446	13	22	64.457	264.157
447	13	23	63.418	266.07599999999996
448	13	24	59.905	273.872
449	13	25	63.446000000000005	273.189
450	13	26	70.60300000000001	272.798
451	13	27	67.742	270.556
452	13	28	59.201	264.91200000000003
453	13	29	62.443999999999996	265.08299999999997
454	13	30	63.13399999999999	265.942
455	13	31	68.884	267.158
456	13	32	70.393	269.097
457	13	33	65.851	271.551
458	13	34	68.208	274.85
459	13	35	64.69800000000001	273.186
460	13	36	65.29899999999999	276.70599999999996
461	13	37	63.797	277.368
462	13	38	64.292	282.629
463	13	39	60.733999999999995	275.368
464	13	40	58.083	271.2
465	13	41	51.075	266.92900000000003
466	13	42	47.818999999999996	260.421
467	13	43	46.571999999999996	261.055
468	13	44	50.22	271.449
469	13	45	58.008	279.954
470	13	46	57.858999999999995	280.647
471	13	47	54.913000000000004	275.264
472	13	48	49.81100000000001	262.784
473	13	49	48.478	258.421
474	13	50	49.456	259.327
475	13	51	45.711000000000006	252.07
476	13	52	45.895	260.774
477	13	53	50.211999999999996	266.015
478	13	54	53.141999999999996	270.465
479	13	55	63.04	261.911
480	13	56	69.831	257.296
481	13	57	79.28699999999999	252.322
482	13	58	82.38600000000001	255.092
483	13	59	85.361	254.833
484	13	60	85.917	255.799
485	13	61	88.193	254.418
486	13	62	89.90100000000001	251.55700000000002
487	13	63	84.209	255.81599999999997
488	13	64	79.835	261.314
489	13	65	80.865	261.883
490	13	66	85.45700000000001	256.072
491	13	67	88.84899999999999	255.593
492	13	68	95.787	250.896
493	13	69	103.075	245.354
494	13	70	106.272	244.445
495	13	71	108.14399999999999	242.937
496	13	72	112.96799999999999	240.86599999999999
497	13	73	113.921	241.852
498	13	74	113.34299999999999	241.13299999999998
499	13	75	112.36200000000001	240.43099999999998
500	13	76	116.868	245.334
501	13	77	113.85700000000001	249.077
502	13	78	108.565	250.03599999999997
503	13	79	109.396	254.153
504	13	80	107.876	257.215
505	13	81	108.537	258.752
506	13	82	113.244	251.196
507	13	83	115.75	251.351
508	13	84	118.18700000000001	249.472
509	13	85	117.90899999999999	253.136
510	13	86	114.31299999999999	252.24900000000002
511	13	87	111.69	255.153
512	13	88	108.15899999999999	258.66
513	13	89	108.08200000000001	257.54
514	13	90	105.339	262.681
515	13	91	107.27600000000001	264.202
516	13	92	111.28200000000001	262.28
517	13	93	111.848	259.562
518	13	94	113.625	256.48900000000003
519	13	95	120.134	254.49400000000003
520	13	96	121.204	255.865
521	14	0	243.209	311.204
522	14	1	240.22	309.505
523	14	2	244.83599999999998	303.598
524	14	3	246.94099999999997	306.512
525	14	4	250.547	301.48
526	14	5	252.892	296.39599999999996
527	14	6	253.391	297.606
528	14	7	253.74599999999998	296.991
529	14	8	255.209	303.834
530	14	9	253.58900000000003	296.656
531	14	10	254.597	290.618
532	14	11	257.275	293.11400000000003
533	14	12	259.857	300.835
534	14	13	257.63599999999997	296.8
535	14	14	256.747	296.342
536	14	15	258.293	294.926
537	14	16	263.637	296.845
538	14	17	266.685	298.101
539	14	18	266.48400000000004	297.15
540	14	19	265.75	291.678
541	14	20	264.30400000000003	285.909
542	14	21	270.449	297.954
543	14	22	272.501	300.015
544	14	23	276.283	305.15
545	14	24	278.728	306.418
546	14	25	279.95599999999996	305.165
547	14	26	282.645	307.732
548	14	27	283.747	302.131
549	14	28	286.91	302.536
550	14	29	288.505	300.725
551	14	30	288.24	300.246
552	14	31	293.92900000000003	300.545
553	14	32	294.125	300.15
554	14	33	294.941	300.873
555	14	34	297.325	300.848
556	14	35	298.909	302.707
557	14	36	303.163	305.499
558	14	37	304.433	306.634
559	14	38	307.857	309.007
560	14	39	312.108	310.058
561	14	40	313.188	310.74
562	14	41	313.125	308.509
563	14	42	319.532	307.099
564	14	43	321.934	309.569
565	14	44	325.335	310.218
566	14	45	329.277	311.101
567	14	46	332.306	311.91700000000003
568	14	47	332.466	312.403
569	14	48	334.657	312.881
570	14	49	333.99800000000005	313.733
571	14	50	337.103	314.04400000000004
572	14	51	333.11699999999996	315.87
573	14	52	330.952	319.226
574	14	53	333.783	319.422
575	14	54	335.43	323.216
576	14	55	336.218	325.314
577	14	56	337.245	326.923
578	14	57	335.225	323.866
579	14	58	334.87199999999996	324.748
580	14	59	338.04	320.461
581	14	60	341.51099999999997	319.041
582	14	61	343.259	321.035
583	14	62	344.59	318.031
584	14	63	342.92800000000005	318.642
585	14	64	340.74199999999996	318.155
586	14	65	349.02099999999996	319.853
587	14	66	354.184	318.88599999999997
588	14	67	351.869	318.108
589	14	68	336.241	315.378
590	14	69	357.435	317.998
591	14	70	350.06800000000004	316.078
592	14	71	358.7	318.26099999999997
593	14	72	359.11300000000006	320.24
594	14	73	360.00300000000004	318.038
595	14	74	359.974	321.151
596	14	75	358.135	317.22700000000003
597	14	76	359.236	319.106
598	14	77	363.901	319.741
599	14	78	361.245	320.697
600	14	79	361.496	319.624
601	14	80	362.31199999999995	319.202
602	14	81	365.58	321.503
603	14	82	367.525	322.204
604	14	83	368.851	320.733
605	14	84	368.597	321.87
606	14	85	372.325	322.681
607	14	86	375.415	323.675
608	14	87	377.48800000000006	321.309
609	14	88	380.11800000000005	318.627
610	14	89	384.11	318.579
611	14	90	385.397	321.827
612	14	91	388.031	318.547
613	14	92	387.469	317.33799999999997
614	14	93	387.884	318.344
615	14	94	390.44199999999995	319.356
616	14	95	392.54699999999997	314.736
617	14	96	395.80199999999996	315.654
618	17	0	231.592	355.045
619	17	1	234.217	351.98800000000006
620	17	2	234.49900000000002	354.164
621	17	3	227.765	348.13
622	17	4	223.24599999999998	339.32300000000004
623	17	5	225.21400000000003	343.224
624	17	6	229.449	358.91
625	17	10	232.028	363.244
626	17	11	233.21599999999998	362.955
627	17	12	225.72400000000002	355.25199999999995
628	17	13	226.234	350.996
629	17	14	232.91299999999998	351.11699999999996
630	17	15	249.81400000000002	362.17900000000003
631	17	16	234.649	348.36
632	17	17	234.387	346.37800000000004
633	17	18	250.12400000000002	361.546
634	17	19	253.49400000000003	364.48800000000006
635	17	20	248.687	359.889
636	17	21	244.885	357.01099999999997
637	17	22	243.08700000000002	354.457
638	17	23	242.957	355.522
639	17	24	235.85299999999998	344.468
640	17	25	235.79	342.94300000000004
641	17	26	231.15200000000002	336.144
642	17	27	227.75099999999998	329.36800000000005
643	17	28	229.41299999999998	329.10900000000004
644	17	29	234.75799999999998	334.17400000000004
645	17	30	237.80900000000003	335.26199999999994
646	17	31	237.396	334.125
647	17	32	238.528	339.848
648	17	33	240.618	345.57800000000003
649	17	34	243.042	354.774
650	17	35	243.449	369.24300000000005
651	17	36	243.643	372.88300000000004
652	17	37	240.575	383.31300000000005
653	17	38	236.85	396.185
654	17	39	237.296	390.189
655	17	40	238.093	388.695
656	17	41	237.331	393.06199999999995
657	17	42	237.577	397.23199999999997
658	17	43	238.925	402.086
659	17	44	240.935	416.32300000000004
660	17	45	242.05700000000002	408.50199999999995
661	17	46	242.48	403.63
662	17	47	245.923	406.88
663	17	48	245.435	415.68800000000005
664	17	49	245.847	410.49300000000005
665	17	50	248.34099999999998	396.389
666	17	51	249.92700000000002	396.58099999999996
667	17	52	248.94299999999998	392.288
668	17	53	247.18900000000002	386.44599999999997
669	17	54	245.687	382.074
670	17	55	247.547	381.639
671	17	56	251.979	375.806
672	19	0	401.63300000000004	449.246
673	19	1	395.444	449.41
674	19	2	384.981	446.875
675	19	3	369.056	447.338
676	19	4	365.01599999999996	447.23699999999997
677	19	5	352.81699999999995	448.219
678	19	6	346.336	448.582
679	19	7	336.32599999999996	449.454
680	19	8	335.12199999999996	448.48699999999997
681	19	9	326.76	449.532
682	19	10	323.08	448.355
683	19	11	319.086	449.92699999999996
684	19	12	307.079	449.62300000000005
685	19	13	300.117	449.335
686	19	14	288.47700000000003	448.58
687	19	15	292.877	445.659
688	19	16	280.339	439.514
689	19	17	270.247	437.44800000000004
690	19	18	271.404	437.48400000000004
691	19	19	264.635	436.965
692	19	20	253.894	437.56
693	19	21	243.36900000000003	437.56199999999995
694	19	22	234.87099999999998	438.218
695	19	23	226.1	438.916
696	19	24	226.29	440.19
697	19	25	220.05200000000002	440.084
698	19	26	212.958	440.095
699	19	27	198.58900000000003	439.225
700	19	28	186.40900000000002	438.48699999999997
701	19	29	177.395	437.67800000000005
702	19	30	174.71200000000002	436.55699999999996
703	19	31	173.635	433.805
704	19	32	165.101	434.838
705	19	33	161.35	436.584
706	19	34	149.887	439.50300000000004
707	19	35	139.017	440.605
708	19	36	136.791	441.778
709	19	37	127.833	442.476
710	19	38	117.792	444.265
711	19	39	111.572	444.083
712	19	40	105.417	444.869
713	19	41	106.756	445.089
714	19	42	102.54	445.616
715	20	0	202.85299999999998	455.385
716	20	1	210.965	454.355
717	20	2	220.62900000000002	454.324
718	20	3	227.8	455.733
719	20	4	234.91099999999997	456.121
720	20	5	237.245	456.28
721	20	6	241.65	456.969
722	20	7	248.33700000000002	458.56199999999995
723	20	8	249.463	459.635
724	20	9	259.64099999999996	464.86199999999997
725	20	10	269.056	466.98
726	20	11	275.506	470.94599999999997
727	20	12	286.138	472.246
728	20	13	291.325	469.265
729	20	14	299.983	469.381
730	20	15	309.566	469.83
731	20	16	318.995	469.25699999999995
732	20	17	331.785	471.176
733	20	18	333.957	471.525
734	20	19	343.68800000000005	469.78
735	20	20	349.847	468.244
736	20	21	354.89599999999996	466.506
737	20	22	362.33	465.664
738	20	23	377.129	463.486
739	20	24	384.001	463.694
740	20	25	392.346	461.409
741	20	26	400.665	458.17400000000004
742	20	27	408.42400000000004	457.936
743	20	28	412.94699999999995	454.98900000000003
744	20	29	419.217	453.32199999999995
745	20	30	425.6	450.37
746	20	31	427.56699999999995	448.80400000000003
747	20	32	429.475	447.26099999999997
748	20	33	434.72	442.98400000000004
749	20	34	439.586	440.726
750	20	35	445.619	436.11199999999997
751	20	36	440.42900000000003	437.76300000000003
752	20	37	440.695	437.538
753	20	38	441.02099999999996	435.005
754	20	39	439.69	434.642
755	20	40	440.574	435.04900000000004
756	20	41	441.11400000000003	433.902
757	20	42	442.241	432.651
758	20	43	447.76	429.845
759	20	44	459.73199999999997	422.785
760	20	45	466.116	415.64300000000003
761	20	46	477.473	407.625
762	20	47	486.88300000000004	401.095
763	20	48	495.626	395.3
764	20	49	493.82199999999995	395.626
765	20	50	496.181	393.20300000000003
766	20	51	497.43699999999995	392.32800000000003
767	20	52	495.67199999999997	393.59
768	20	53	500.267	389.788
769	20	54	501.092	390.324
770	20	55	508.36400000000003	384.779
771	20	56	516.026	377.14
772	20	57	526.28	369.08099999999996
773	21	0	445.524	469.796
774	21	1	443.54900000000004	470.277
775	21	2	443.602	470.584
776	21	3	439.651	470.279
777	21	4	430.91	466.42800000000005
778	21	5	425.157	464.119
779	21	6	416.57300000000004	461.19
780	21	7	408.469	458.911
781	21	8	399.069	456.55
782	21	9	390.04699999999997	453.38199999999995
783	21	10	382.63300000000004	457.32800000000003
784	21	11	374.902	451.695
785	21	12	367.29	449.539
786	21	13	362.968	446.781
787	21	14	357.05199999999996	445.661
788	21	15	349.212	446.098
789	21	16	345.83	442.292
790	21	17	334.978	445.43
791	21	18	325.871	448.12199999999996
792	21	19	319.943	447.711
793	21	20	313.03	448.48699999999997
794	21	21	302.955	444.77
795	21	22	295.61	453.195
796	21	23	287.064	453.92400000000004
797	21	24	282.268	453.755
798	21	25	278.663	453.69
799	21	26	270.58099999999996	452.009
800	21	27	263.23900000000003	449.61699999999996
801	21	28	255.47400000000002	448.17900000000003
802	21	29	248.36700000000002	445.56199999999995
803	21	30	244.612	445.35699999999997
804	21	31	240.12400000000002	444.439
805	21	32	234.372	444.05
806	21	33	231.757	443.48
807	21	34	230.34	442.588
808	21	35	233.25900000000001	444.884
809	21	36	233.868	445.075
810	21	37	232.767	428.707
811	21	38	234.704	418.12199999999996
812	21	39	236.447	413.48800000000006
813	21	40	237.519	414.915
814	21	41	238.19799999999998	417.666
815	21	42	239.269	419.397
816	21	43	241.41299999999998	420.101
817	21	44	243.649	428.811
818	21	45	245.22799999999998	428.594
819	21	46	244.403	424.95300000000003
820	21	47	246.408	427.25199999999995
821	21	48	248.842	434.6
822	21	49	250.861	431.894
823	21	50	251.335	429.79900000000004
824	21	51	249.247	428.55300000000005
825	21	52	248.56	418.055
826	21	53	249.903	409.774
827	21	54	251.989	401.589
828	21	55	252.805	397.87199999999996
829	21	56	250.53	394.957
830	21	57	253.468	395.85400000000004
831	21	58	254.25900000000001	394.421
832	21	59	254.378	390.38
833	21	60	252.342	391.907
834	21	61	250.697	387.87699999999995
835	21	62	250.581	390.195
836	21	63	247.84799999999998	384.43800000000005
837	21	64	251.94	388.12300000000005
838	21	65	250.356	386.714
839	21	66	251.929	382.67400000000004
840	21	67	248.683	382.225
841	21	68	250.835	381.019
842	21	69	242.58900000000003	381.025
843	21	70	252.495	374.94199999999995
844	21	71	249.12400000000002	379.89599999999996
845	21	72	248.894	379.13699999999994
846	21	73	253.235	377.116
847	21	74	254.157	378.055
848	21	75	253.175	376.20099999999996
849	21	76	253.005	375.782
850	21	77	258.532	377.061
851	21	79	260.006	378.816
852	21	80	261.182	378.869
853	21	81	265.725	381.19
854	21	82	267.784	377.23699999999997
855	21	83	268.596	381.80800000000005
856	21	84	268.546	372.621
857	21	85	270.155	378.774
858	21	86	269.082	380.517
859	21	87	266.992	374.523
860	21	88	269.096	379.31699999999995
861	21	89	271.164	381.244
862	21	90	268.84	376.846
863	21	91	272.8	374.285
864	21	92	275.372	378.93199999999996
865	21	93	279.54200000000003	379.584
866	22	0	200.535	497.28
867	22	1	202.058	499.048
868	22	2	203.183	500.519
869	22	3	205.09799999999998	503.27
870	22	4	200.64700000000002	501.44699999999995
871	22	5	201.1	503.598
872	22	6	204.708	505.37199999999996
873	22	7	203.393	505.494
874	22	8	206.372	506.569
875	22	9	207.18200000000002	509.325
876	22	10	206.90400000000002	508.25699999999995
877	22	11	206.755	508.173
878	22	12	210.00799999999998	508.744
879	22	13	212.99599999999998	509.88599999999997
880	22	14	218.62900000000002	512.87
881	22	15	220.203	513.998
882	22	16	225.24400000000003	515.984
883	22	17	229.195	518.645
884	22	18	234.832	525.422
885	22	19	240.889	532.058
886	22	20	247.907	538.414
887	22	21	254.155	547.53
888	22	22	262.3	556.992
889	23	0	219.7	507.389
890	23	1	221.463	509.464
891	23	2	225.748	514.03
892	23	3	231.83900000000003	522.031
893	23	4	238.584	528.243
894	23	5	241.94400000000002	530.914
895	23	6	246.851	535.962
896	23	7	245.99	535.505
897	23	8	246.81099999999998	535.271
898	23	9	252.278	541.707
899	23	10	255.017	544.5319999999999
900	23	11	257.036	547.5790000000001
901	23	12	257.514	547.377
902	23	13	262.624	550.674
903	23	14	263.111	552.1669999999999
904	23	15	266.914	556.004
905	23	16	271.184	555.425
906	23	17	272.498	556.4
907	23	18	271.493	555.123
908	23	19	272.811	555.236
909	23	20	274.07	555.281
910	23	21	274.62	556.484
911	23	22	275.809	559.682
912	23	23	276.865	560.9680000000001
913	23	24	276.557	561.15
914	23	25	276.41200000000003	560.982
915	23	26	276.275	561.318
916	23	27	275.878	561.519
917	23	28	276.149	560.8330000000001
918	23	29	276.034	561.0790000000001
919	23	30	275.98	561.278
920	23	31	276.098	560.809
921	23	32	275.994	561.294
922	23	33	276.145	561.293
923	23	34	276.093	561.128
924	23	35	276.013	561.2669999999999
925	23	36	276.02	561.182
926	23	37	276.079	560.999
927	23	38	275.955	561.381
928	23	39	276.058	561.131
929	23	40	275.775	560.952
930	23	41	275.874	560.774
931	23	42	275.907	560.765
932	23	43	275.89599999999996	560.942
933	23	44	275.835	560.938
934	23	45	275.938	560.614
935	23	46	275.80400000000003	560.9069999999999
936	23	47	275.873	560.6569999999999
937	23	48	275.83099999999996	560.774
938	23	49	275.617	560.685
939	23	50	275.843	560.552
940	23	51	275.915	560.682
941	23	52	275.758	560.502
942	23	53	275.834	560.5409999999999
943	23	54	275.885	560.849
944	23	55	275.749	560.736
945	23	56	275.89	560.55
946	23	57	275.67400000000004	561.052
947	23	58	275.93	560.677
948	23	59	275.922	560.487
949	23	60	275.70599999999996	560.8969999999999
950	23	61	275.657	560.299
951	23	62	275.967	560.361
952	23	63	275.722	560.536
953	23	64	275.873	560.438
954	23	65	275.757	560.645
955	23	66	275.626	560.4580000000001
956	23	67	275.806	560.503
957	23	68	275.885	560.81
958	23	69	275.64	560.6519999999999
959	23	70	276.027	560.7819999999999
960	23	71	276.031	561.254
961	23	72	275.942	560.886
962	23	73	275.943	560.899
963	23	74	275.743	561.097
964	23	75	275.97900000000004	560.6659999999999
965	23	76	276.1	560.55
966	23	77	275.772	561.0790000000001
967	23	78	276.064	560.681
968	23	79	276.004	561.075
969	23	80	275.897	561.061
970	23	81	276.017	560.92
971	23	82	275.76599999999996	561.126
972	23	83	276.05	560.505
973	23	84	276.084	560.999
974	23	85	275.733	561.249
975	23	86	275.98900000000003	560.759
976	23	87	275.95799999999997	560.78
977	23	88	275.887	561.1080000000001
978	23	89	275.992	560.624
979	23	90	275.644	561.0459999999999
980	23	91	275.923	560.545
981	23	92	276.129	561.066
982	23	93	275.906	561.224
983	23	94	275.882	561.178
984	23	95	276.151	561.3009999999999
985	23	96	276.08099999999996	561.6519999999999
986	30	11	403.155	170.763
987	30	12	403.541	169.48
988	30	13	403.131	167.516
989	30	14	403.043	166.95
990	30	15	402.07599999999996	165.109
991	30	16	401.87199999999996	162.355
992	30	17	401.61800000000005	161.444
993	30	18	401.551	161.725
994	30	19	401.495	161.95
995	30	20	402.046	163.666
996	30	21	402.295	165.30200000000002
997	30	22	403.236	167.63
998	30	23	403.745	169.919
999	30	24	403.82099999999997	170.372
1000	30	25	403.871	169.81799999999998
1001	30	26	403.88199999999995	169.87900000000002
1002	30	27	403.51599999999996	170.31099999999998
1003	30	28	403.834	169.636
1004	30	29	403.67800000000005	169.82
1005	30	30	403.649	170.041
1006	30	31	403.767	169.593
1007	30	32	403.727	170.185
1008	30	33	403.88199999999995	170.105
1009	30	34	403.835	169.857
1010	30	35	403.67199999999997	170.125
1011	30	36	403.62	170.048
1012	30	37	403.751	169.79
1013	30	38	403.725	170.329
1014	30	39	403.725	170.016
1015	30	40	403.63	170.03900000000002
1016	30	41	403.54900000000004	169.683
1017	30	42	403.59	169.667
1018	30	43	403.57800000000003	169.922
1019	30	44	403.526	170.063
1020	30	45	403.634	169.46900000000002
1021	30	46	403.564	169.891
1022	30	47	403.61699999999996	169.787
1023	30	48	403.466	169.62599999999998
1024	30	49	403.269	169.703
1025	30	50	403.505	169.34400000000002
1026	30	51	403.645	169.49200000000002
1027	30	52	403.57099999999997	169.641
1028	30	53	403.566	169.317
1029	30	54	403.60900000000004	169.71099999999998
1030	30	55	403.454	169.77900000000002
1031	30	56	403.63199999999995	169.483
1032	30	57	403.47900000000004	169.963
1033	30	58	403.861	169.641
1034	30	59	403.8	169.579
1035	30	60	403.62199999999996	170.243
1036	30	61	403.564	169.705
1037	30	62	403.784	169.50799999999998
1038	30	63	403.57800000000003	169.793
1039	30	64	403.645	169.437
1040	30	65	403.575	169.725
1041	30	66	411.686	163.903
1042	30	67	419.05400000000003	160.887
1043	30	68	416.486	154.946
1044	30	69	405.504	155.025
1045	30	70	399.735	150.459
1046	30	71	394.3	142.635
1047	30	72	403.631	147.536
1048	30	73	409.281	147.066
1049	30	74	402.224	144.474
1050	30	75	398.533	140.532
1051	30	76	397.293	137.37
1052	30	77	402.654	137.709
1053	30	78	408.278	138.618
1054	30	79	417.89599999999996	140.638
1055	30	80	421.231	139.96200000000002
1056	30	81	418.5	141.27100000000002
1057	30	82	418.23	142.121
1058	30	83	420.99699999999996	140.97899999999998
1059	30	84	424.631	139.759
1060	30	85	430.311	139.618
1061	30	86	437.13	138.297
1062	30	87	437.85699999999997	138.696
1063	30	88	439.49300000000005	137.14700000000002
1064	30	89	439.19800000000004	137.577
1065	30	90	438.915	138.221
1066	30	91	439.227	137.62
1067	30	92	439.241	138.175
1068	30	93	439.163	138.497
1069	30	94	439.195	138.548
1070	30	95	439.296	138.468
1071	30	96	439.333	138.954
1072	31	12	638.577	223.62
1073	31	13	640.91	220.018
1074	31	14	641.148	220.202
1075	31	15	642.549	215.145
1076	31	16	646.0459999999999	210.706
1077	31	17	645.886	209.207
1078	31	18	648.054	208.382
1079	31	19	649.43	207.025
1080	31	20	650.592	209.77900000000002
1081	31	21	650.9259999999999	210.271
1082	31	22	650.9069999999999	212.551
1083	31	23	650.898	216.733
1084	31	24	653.122	218.958
1085	31	25	653.044	220.798
1086	31	26	652.122	224.88299999999998
1087	31	27	653.158	227.623
1088	31	28	653.909	226.06
1089	31	29	656.515	225.278
1090	31	30	658.807	223.553
1091	31	31	664.95	224.9
1092	31	32	664.95	224.9
1093	31	33	664.95	224.9
1094	31	34	664.95	221.65
1095	31	35	664.95	221.0
1096	31	36	664.95	224.25
1097	31	37	664.95	221.0
1098	31	38	664.95	217.75
1099	31	39	664.95	215.8
1100	31	40	664.95	216.45
1101	31	41	664.95	213.2
1102	31	42	664.95	212.55
1103	31	43	664.95	210.6
1104	31	44	664.95	204.1
1105	39	24	0.0	237.9
1106	39	25	0.0	237.25
1107	39	28	0.0	239.85
1108	39	29	7.178	242.544
1109	39	30	19.564	242.71900000000002
1110	39	32	30.073	243.59599999999998
1111	39	33	37.91	241.65200000000002
1112	39	34	49.84	238.78799999999998
1113	39	35	50.123000000000005	240.047
1114	39	36	51.33	238.56900000000002
1115	39	37	48.761	238.455
1116	39	38	59.332	235.39
1117	39	41	64.867	233.09599999999998
1118	39	42	78.883	227.166
1119	39	43	73.539	232.153
1120	39	44	78.806	229.595
1121	39	45	86.05799999999999	225.78799999999998
1122	39	46	94.52799999999999	222.84
1123	39	47	102.52	219.58700000000002
1124	39	48	105.771	217.25599999999997
1125	39	49	109.579	214.795
1126	39	50	115.274	210.458
1127	39	51	119.792	205.903
1128	39	52	116.23299999999999	209.135
1129	39	53	118.529	209.988
1130	39	54	123.098	200.23
1131	39	55	117.40700000000001	211.261
1132	39	56	118.926	210.66400000000002
1133	39	57	118.01799999999999	211.021
1134	39	58	116.906	212.642
1135	39	59	120.40799999999999	209.03400000000002
1136	39	60	125.25399999999999	202.53900000000002
1137	39	61	123.29700000000001	208.653
1138	39	62	116.771	215.24
1139	39	63	110.82	230.31799999999998
1140	39	64	107.285	236.938
1141	39	65	108.60799999999999	236.91
1142	39	66	113.79899999999999	233.145
1143	39	67	113.2	231.025
1144	39	68	113.81299999999999	230.68099999999998
1145	39	69	120.265	226.733
1146	39	70	126.92399999999999	219.09799999999998
1147	39	71	126.475	223.74
1148	39	72	126.281	226.19799999999998
1149	39	73	126.74	226.965
1150	39	74	128.095	227.06599999999997
1151	39	75	127.072	228.206
1152	39	76	127.911	221.893
1153	39	77	124.60700000000001	225.699
1154	39	78	124.113	223.178
1155	39	79	124.456	224.862
1156	39	80	124.01299999999999	218.97299999999998
1157	39	81	124.285	222.232
1158	39	82	122.839	218.942
1159	39	83	128.194	217.609
1160	39	84	130.005	213.264
1161	39	85	132.659	214.263
1162	39	86	128.311	218.38400000000001
1163	39	87	128.183	219.563
1164	39	88	128.532	226.132
1165	39	89	128.828	227.326
1166	39	90	126.367	237.518
1167	39	91	127.20100000000001	238.18200000000002
1168	39	92	128.316	235.09799999999998
1169	39	93	125.833	229.67
1170	39	94	124.785	228.50400000000002
1171	39	95	133.744	225.15099999999998
1172	39	96	137.583	226.91400000000002
1173	55	46	197.343	52.099
1174	55	47	182.856	51.676
1175	55	48	176.50900000000001	52.272
1176	55	49	171.21200000000002	45.428999999999995
1177	55	50	162.924	39.121
1178	55	51	159.269	37.943000000000005
1179	55	52	155.063	34.062
1180	55	53	155.939	31.334
1181	55	54	155.686	27.776
1182	55	55	163.745	25.784000000000002
1183	55	56	166.09599999999998	22.428
1184	55	57	164.067	19.104
1185	55	58	166.708	15.466
1186	55	59	174.544	18.3
1187	55	60	180.48	23.372
1188	55	61	190.98	30.513
1189	55	62	196.405	34.867
1190	55	63	205.583	42.218999999999994
1191	55	64	208.165	42.083
1192	55	65	215.888	47.239
1193	55	66	221.178	47.788999999999994
1194	55	67	224.808	48.07
1195	55	68	224.642	44.335
1196	55	69	220.61599999999999	40.675
1197	55	70	213.44400000000002	35.891999999999996
1198	55	71	207.326	33.424
1199	55	72	198.791	28.09
1200	55	73	192.696	23.676
1201	55	74	186.391	18.244
1202	55	75	183.06400000000002	14.704
1203	55	76	184.93099999999998	12.523
1204	55	77	184.709	11.117
1205	55	78	185.183	10.295
1206	55	79	191.382	11.818
1207	55	80	194.123	12.568
1208	55	81	197.483	11.684000000000001
1209	55	82	200.94799999999998	14.464
1210	55	83	207.02	17.176
1211	55	84	210.373	18.79
1212	55	85	215.109	23.655
1213	55	86	214.696	23.138
1214	55	87	214.791	21.016
1215	55	88	212.54	21.304000000000002
1216	55	89	212.83	17.712
1217	55	90	212.358	20.756999999999998
1218	55	91	213.358	20.343
1219	55	92	214.662	25.811999999999998
1220	55	93	216.49599999999998	28.8
1221	55	94	215.39700000000002	29.6
1222	55	95	214.271	31.204
1223	58	50	12.26	564.581
1224	58	51	20.205	552.936
1225	58	52	20.415	558.1569999999999
1226	58	53	18.889	566.356
1227	58	54	21.888	556.059
1228	58	55	24.589000000000002	555.753
1229	58	56	23.855	557.094
1230	58	57	22.506999999999998	560.219
1231	58	58	24.97	563.63
1232	58	59	24.27	576.217
1233	58	60	24.205	586.403
1234	58	61	21.345	585.3919999999999
1235	58	62	22.307	592.138
1236	58	63	23.715999999999998	588.39
1237	58	64	26.604	593.185
1238	58	65	20.590999999999998	605.873
1239	58	66	33.298	585.756
1240	58	67	32.904	575.768
1241	58	68	33.478	566.008
1242	58	69	34.372	564.991
1243	58	70	31.241999999999997	560.904
1244	58	71	31.236	574.65
1245	58	72	31.066	583.744
1246	58	73	37.567	577.5219999999999
1247	58	74	37.385	566.259
1248	58	75	45.288999999999994	558.149
1249	58	76	48.075	553.2130000000001
1250	58	77	52.173	553.507
1251	58	78	52.263999999999996	557.766
1252	58	79	51.875	558.9580000000001
1253	58	80	60.543	547.6030000000001
1254	58	81	54.111000000000004	538.8530000000001
1255	58	82	58.931000000000004	537.02
1256	58	83	62.777	531.212
1257	58	84	64.907	531.748
1258	58	85	71.002	530.264
1259	58	86	68.87	530.701
1260	58	87	67.785	540.006
1261	58	88	57.088	538.73
1262	58	89	59.49	539.286
1263	58	90	60.068000000000005	540.3430000000001
1264	58	91	61.11	539.548
1265	58	92	59.797	536.755
1266	58	93	59.49	543.571
1267	58	94	59.871	543.5930000000001
1268	58	95	60.468	541.9490000000001
1269	58	96	57.928999999999995	539.004
1270	60	51	521.275	32.042
1271	60	52	519.879	35.536
1272	60	53	518.097	26.595
1273	60	54	513.633	24.706999999999997
1274	60	55	520.485	23.747
1275	60	56	523.085	23.205
1276	60	57	532.924	30.342
1277	60	58	539.793	30.866999999999997
1278	60	59	541.425	39.195
1279	60	60	538.276	32.986999999999995
1280	60	61	535.052	16.717
1281	60	62	530.0980000000001	14.182
1282	60	63	536.5369999999999	17.684
1283	60	64	545.575	22.250999999999998
1284	60	65	550.701	26.406999999999996
1285	60	66	556.729	32.645
1286	60	67	561.884	35.382
1287	60	68	563.3969999999999	26.588
1288	60	69	555.197	19.984
1289	60	70	550.595	16.075
1290	60	71	544.559	10.36
1291	60	72	541.335	5.9239999999999995
1292	60	73	536.9	0.0
1293	60	74	536.25	0.0
1294	60	75	540.8	0.0
1295	60	76	534.3	0.0
1296	66	54	241.67700000000002	380.25199999999995
1297	66	55	239.247	380.514
1298	66	56	244.30200000000002	377.418
1299	66	57	232.338	377.037
1300	66	58	230.731	378.325
1301	66	59	235.775	375.88300000000004
1302	66	60	240.97799999999998	379.51800000000003
1303	66	61	237.94299999999998	375.105
1304	66	62	245.22299999999998	379.417
1305	66	63	239.179	373.88800000000003
1306	66	64	247.41400000000002	376.598
1307	66	65	246.532	378.861
1308	66	66	244.613	374.288
1309	66	67	240.683	375.705
1310	66	68	245.445	372.29400000000004
1311	66	69	248.676	371.944
1312	66	70	250.125	368.022
1313	66	71	256.999	370.20599999999996
1314	66	72	254.36700000000002	371.85699999999997
1315	66	74	256.26099999999997	368.103
1316	66	75	254.872	367.37800000000004
1317	66	77	264.152	371.459
1318	66	78	262.612	373.522
1319	66	79	261.416	370.531
1320	67	57	540.432	356.467
1321	67	58	535.51	358.649
1322	67	59	538.317	354.805
1323	67	60	539.528	353.733
1324	67	61	544.526	348.046
1325	67	62	548.611	345.026
1326	67	63	549.17	344.49199999999996
1327	67	64	554.224	340.18300000000005
1328	67	65	551.673	341.70300000000003
1329	67	66	549.911	340.961
1330	67	67	552.184	339.042
1331	67	68	556.761	336.42199999999997
1332	67	69	562.422	331.975
1333	67	70	575.327	322.158
1334	67	71	583.749	315.35400000000004
1335	67	72	587.039	311.846
1336	67	73	589.951	307.94599999999997
1337	67	74	584.673	312.92900000000003
1338	67	75	581.3	313.857
1339	67	76	584.6419999999999	311.17
1340	67	77	584.855	311.057
1341	67	78	587.5319999999999	308.31
1342	67	79	591.572	305.72900000000004
1343	67	80	593.21	304.121
1344	67	81	596.807	300.466
1345	67	82	597.158	299.383
1346	67	83	600.585	297.112
1347	67	84	599.15	297.176
1348	67	85	600.355	297.533
1349	67	86	599.925	296.46299999999997
1350	67	87	599.965	295.48400000000004
1351	67	88	598.825	296.548
1352	67	89	603.225	293.165
1353	67	90	604.764	293.753
1354	67	91	608.126	290.296
1355	67	92	609.317	290.533
1356	67	93	610.498	288.275
1357	69	60	340.711	324.857
1358	69	61	337.473	332.733
1359	69	62	339.23900000000003	335.099
1360	69	63	338.99199999999996	334.95599999999996
1361	69	64	338.68800000000005	335.534
1362	69	65	339.289	335.625
1363	69	66	338.798	336.033
1364	69	67	340.545	335.721
1365	69	68	341.529	338.115
1366	69	69	338.30400000000003	336.24300000000005
1367	69	70	338.825	335.936
1368	69	71	339.287	337.50199999999995
1369	69	72	339.374	339.481
1370	69	73	337.33	338.01
1371	69	74	337.361	337.49
1372	69	75	338.001	338.954
1373	69	76	336.832	339.131
1374	69	77	336.43	336.506
1375	69	78	339.665	340.898
1376	69	79	335.70300000000003	339.519
1377	69	80	336.48199999999997	341.772
1378	69	81	336.594	340.99199999999996
1379	69	82	334.923	340.51599999999996
1380	69	83	335.093	339.226
1381	69	84	334.49	338.666
1382	69	85	335.81199999999995	337.611
1383	69	86	333.977	337.642
1384	69	87	331.439	339.556
1385	69	88	330.902	339.967
1386	69	89	330.07199999999995	338.973
1387	69	90	327.745	342.096
1388	73	65	0.0	377.65
1389	73	66	0.0	372.45
1390	73	67	0.0	373.75
1391	73	68	0.0	370.5
1392	73	69	0.0	364.65
1393	73	70	0.0	367.9
1394	73	71	0.0	374.4
1395	73	73	8.3	361.031
1396	73	74	7.821000000000001	356.166
1397	73	75	8.527000000000001	359.93800000000005
1398	73	76	11.39	355.01199999999994
1399	73	77	9.516	355.915
1400	73	78	10.062999999999999	359.92800000000005
1401	73	79	11.985	352.827
1402	73	80	11.105	354.295
1403	73	81	11.878	350.793
1404	73	82	11.543	346.375
1405	73	83	13.139000000000001	352.56800000000004
1406	73	84	11.357000000000001	365.82800000000003
1407	73	85	10.488	366.843
1408	73	86	11.12	360.86
1409	73	87	11.152999999999999	365.38199999999995
1410	73	88	10.735	362.74199999999996
1411	73	89	11.261	360.042
1412	73	90	11.289000000000001	355.195
1413	73	91	11.535	353.88699999999994
1414	73	92	12.231	350.416
1415	73	93	12.245	342.689
1416	73	94	12.975999999999999	343.281
1417	73	95	12.429	353.286
1418	73	96	10.864	364.165
1419	76	67	612.95	664.95
1420	76	68	614.25	664.95
1421	76	69	615.55	664.95
1422	76	70	613.6	664.95
1423	76	71	612.3	664.95
1424	76	72	611.65	664.95
1425	76	73	612.3	664.95
1426	76	74	609.887	659.155
1427	76	75	608.806	658.0
1428	76	77	609.001	656.2189999999999
1429	76	78	608.413	655.262
1430	76	79	606.837	654.7040000000001
1431	76	80	610.488	655.181
1432	76	81	607.5269999999999	654.072
1433	76	82	606.561	654.773
1434	76	83	609.121	654.984
1435	76	84	607.214	656.76
1436	76	85	603.1619999999999	656.045
1437	76	86	602.766	655.829
1438	76	87	603.8330000000001	654.82
1439	76	88	604.3330000000001	654.535
1440	76	89	603.743	654.195
1441	76	90	602.009	654.5880000000001
1442	76	91	602.452	653.42
1443	76	92	604.406	651.9
1444	76	93	605.937	652.4069999999999
1445	76	94	604.2040000000001	652.247
1446	76	95	602.206	652.374
1447	76	96	599.933	653.129
1448	77	68	554.592	17.125
1449	77	69	539.607	8.897
1450	77	70	527.138	2.055
1451	77	71	521.3	0.0
1452	77	72	518.7	0.0
1453	77	73	516.1	0.0
1454	77	76	510.25	0.0
1455	77	77	516.1	0.0
1456	77	78	510.9	0.0
1457	77	79	510.9	0.0
1458	77	80	508.95	0.0
1459	77	81	507.65	0.0
1460	77	82	503.75	0.0
1461	77	83	507.65	0.0
1462	77	84	506.35	0.0
1463	77	85	503.1	0.0
1464	77	87	499.2	0.0
1465	77	88	497.25	0.0
1466	77	89	492.7	0.0
1467	77	90	492.05	0.0
1468	77	91	488.8	0.0
1469	77	92	488.15	0.0
1470	77	93	486.2	0.0
1471	77	94	482.95	0.0
1472	77	95	480.35	0.0
1473	77	96	482.95	0.0
