	TRACK_ID	FRAME	POSITION_X	POSITION_Y
0	0	0	174.27599999999998	349.325
1	0	1	177.112	348.796
2	0	2	174.42	349.23699999999997
3	0	3	174.769	348.792
4	0	4	178.283	346.707
5	0	5	177.831	347.001
6	0	6	179.738	348.70599999999996
7	0	7	180.768	347.778
8	0	8	179.555	347.598
9	0	9	179.667	348.295
10	0	10	177.543	348.149
11	0	11	179.146	348.44199999999995
12	0	12	180.988	349.582
13	0	13	180.707	349.099
14	0	14	178.535	348.699
15	0	15	179.907	348.999
16	0	16	180.66299999999998	349.666
17	0	17	182.169	350.534
18	0	18	181.30700000000002	349.35900000000004
19	0	19	182.84400000000002	351.07300000000004
20	0	20	182.99900000000002	351.05400000000003
21	0	21	180.43200000000002	349.61
22	0	22	182.582	349.26599999999996
23	0	23	182.642	349.796
24	0	24	184.07	351.32199999999995
25	0	25	183.49	351.605
26	0	26	184.112	351.336
27	0	27	184.484	352.921
28	0	28	184.783	353.189
29	0	29	185.222	351.897
30	0	30	184.68599999999998	353.445
31	0	31	184.69299999999998	353.75300000000004
32	0	32	184.57	353.671
33	0	33	182.321	353.75199999999995
34	0	34	181.202	353.69699999999995
35	0	35	180.90200000000002	353.79699999999997
36	0	36	181.02599999999998	352.695
37	0	37	182.9	352.155
38	0	38	181.61700000000002	352.087
39	0	39	180.09900000000002	351.36199999999997
40	0	40	179.239	352.994
41	0	41	179.36599999999999	351.465
42	0	42	180.238	351.9
43	0	43	180.352	351.93199999999996
44	0	44	179.363	351.70599999999996
45	0	45	180.21200000000002	352.087
46	0	46	180.29	352.56800000000004
47	0	47	179.669	351.712
48	0	48	180.41299999999998	351.16
49	0	49	180.172	351.52099999999996
50	0	50	180.753	350.945
51	0	51	179.875	349.903
52	0	52	179.93400000000003	349.716
53	0	53	180.40400000000002	349.954
54	0	54	180.64700000000002	350.465
55	0	55	180.43599999999998	350.949
56	0	56	180.36	352.385
57	0	57	179.765	353.29699999999997
58	0	58	179.94	353.756
59	0	59	179.62099999999998	353.05300000000005
60	0	60	180.093	352.83
61	0	61	179.66	352.08
62	0	62	180.61700000000002	352.477
63	0	63	179.775	352.749
64	0	64	179.99200000000002	352.13
65	0	65	179.255	352.43300000000005
66	0	66	178.49200000000002	353.316
67	0	67	179.28599999999997	352.82199999999995
68	0	68	180.179	351.395
69	0	69	179.597	351.69300000000004
70	0	70	180.171	352.094
71	0	71	179.123	351.425
72	0	72	178.942	351.876
73	0	73	178.808	350.843
74	0	74	179.331	352.147
75	0	75	179.206	352.087
76	0	76	179.81900000000002	351.26099999999997
77	0	77	179.405	352.467
78	0	78	179.69799999999998	350.994
79	0	79	180.287	351.725
80	0	80	179.574	351.194
81	0	81	179.798	351.085
82	0	82	180.326	366.51800000000003
83	0	83	163.291	375.194
84	0	84	163.679	379.57300000000004
85	0	85	162.496	384.94300000000004
86	0	86	156.724	382.941
87	0	87	163.32399999999998	375.912
88	0	88	164.468	362.67800000000005
89	0	89	172.77200000000002	373.375
90	0	90	179.96599999999998	362.92199999999997
91	0	91	187.987	363.126
92	0	93	204.144	351.665
93	0	94	200.688	350.064
94	0	95	202.84099999999998	348.718
95	0	96	206.27599999999998	346.58
96	11	0	372.47900000000004	568.11
97	11	1	367.82800000000003	568.35
98	11	2	360.871	577.987
99	11	3	360.05199999999996	579.966
100	11	4	351.764	586.278
101	11	5	347.944	584.25
102	11	6	346.209	589.5269999999999
103	11	7	345.57	587.49
104	11	8	351.05199999999996	591.729
105	11	9	358.82099999999997	594.961
106	11	10	367.96	595.844
107	11	11	369.275	596.618
108	11	12	369.00199999999995	601.422
109	11	13	367.958	610.016
110	11	14	369.60400000000004	613.914
111	11	15	370.94699999999995	612.905
112	11	16	359.381	615.827
113	11	17	349.974	614.602
114	11	18	361.486	611.441
115	11	19	367.855	615.519
116	11	20	375.64099999999996	621.9169999999999
117	11	21	381.01	621.724
118	11	22	386.624	616.785
119	11	23	388.306	616.885
120	11	24	387.337	619.839
121	11	25	383.551	621.831
122	11	26	374.92400000000004	622.864
123	11	27	371.793	627.8430000000001
124	11	28	365.441	624.22
125	11	29	363.57800000000003	628.121
126	11	30	368.425	634.993
127	11	31	368.287	632.622
128	11	32	376.457	626.815
129	11	33	379.369	623.751
130	11	34	371.399	617.883
131	11	35	369.531	614.923
132	11	36	366.608	621.289
133	11	37	361.68800000000005	624.442
134	11	38	359.145	630.2330000000001
135	11	39	350.751	635.264
136	11	40	347.972	642.227
137	11	41	353.23800000000006	648.062
138	11	42	363.412	649.106
139	11	43	351.49300000000005	653.055
140	11	44	352.95	664.95
141	14	0	283.115	604.513
142	14	1	283.492	603.467
143	14	2	281.281	600.355
144	14	3	285.903	597.924
145	14	4	291.573	598.578
146	14	5	293.801	605.798
147	14	6	298.894	604.441
148	14	7	304.10200000000003	601.1030000000001
149	14	8	297.214	600.344
150	14	9	299.903	591.534
151	14	10	299.267	580.804
152	14	11	288.834	578.038
153	14	12	290.748	574.864
154	14	13	291.915	571.201
155	14	14	283.546	565.002
156	14	15	272.009	571.252
157	14	16	275.297	572.86
158	14	17	282.763	578.776
159	14	18	284.066	574.422
160	14	19	273.058	571.558
161	14	20	274.63599999999997	580.445
162	14	21	275.671	581.645
163	14	22	273.191	574.1569999999999
164	14	23	260.48900000000003	565.388
165	14	24	259.971	564.521
166	14	25	261.685	557.095
167	14	26	250.125	557.809
168	14	27	252.8	566.25
169	14	28	259.906	566.686
170	14	29	257.178	565.712
171	14	30	258.798	560.492
172	14	31	256.33299999999997	557.905
173	14	32	261.04	561.719
174	14	33	264.735	560.927
175	14	34	263.142	564.729
176	14	35	264.86	565.7330000000001
177	14	36	259.05	566.5459999999999
178	14	37	259.936	564.234
179	14	38	266.88599999999997	562.934
180	14	39	262.82099999999997	565.019
181	14	40	265.842	564.191
182	14	41	270.723	564.901
183	14	42	268.775	566.883
184	14	43	266.98	563.861
185	14	44	275.185	565.856
186	14	45	281.861	565.54
187	14	46	266.904	565.85
188	14	47	279.85900000000004	568.841
189	14	48	280.198	564.922
190	14	49	282.47	565.206
191	14	50	280.137	564.408
192	14	51	264.923	565.7080000000001
193	14	52	268.621	567.788
194	14	53	266.558	563.656
195	14	54	265.88599999999997	565.909
196	14	55	271.232	569.37
197	14	56	266.428	569.681
198	14	57	266.306	571.586
199	14	58	264.297	572.8330000000001
200	14	59	266.253	574.317
201	14	60	260.803	578.771
202	14	61	259.165	575.487
203	14	62	261.64799999999997	567.568
204	14	63	263.58099999999996	564.686
205	14	64	263.613	564.388
206	14	65	264.53	566.161
207	14	66	263.645	566.802
208	14	67	269.296	564.653
209	14	68	266.70799999999997	565.471
210	14	69	262.939	566.0409999999999
211	14	70	266.682	563.538
212	14	71	271.406	564.529
213	14	72	263.591	563.783
214	14	73	262.11400000000003	562.559
215	14	74	262.658	567.062
216	14	75	270.7	565.245
217	14	76	260.392	564.94
218	14	77	260.848	565.37
219	14	78	258.63599999999997	563.715
220	14	79	259.533	563.846
221	14	80	258.93	564.651
222	14	81	264.553	566.548
223	14	82	263.723	570.241
224	14	83	262.506	568.876
225	14	84	263.668	569.62
226	14	85	260.64599999999996	567.615
227	14	86	260.355	568.099
228	14	87	260.79200000000003	565.1030000000001
229	14	88	263.709	561.18
230	14	89	256.085	569.065
231	14	90	259.841	572.2040000000001
232	14	91	257.60200000000003	570.165
233	14	92	260.33099999999996	567.097
234	14	93	256.97700000000003	566.569
235	14	94	267.994	563.008
236	14	95	264.69	562.752
237	14	96	264.637	565.33
238	15	0	389.30199999999996	604.586
239	15	1	389.93300000000005	605.5
240	15	2	389.06699999999995	603.7180000000001
241	15	3	389.829	604.635
242	15	4	393.168	608.775
243	15	5	394.606	611.158
244	15	6	396.6	603.505
245	15	7	393.546	591.387
246	15	8	391.62	588.367
247	15	9	391.94800000000004	588.898
248	15	10	392.597	592.873
249	15	11	389.587	589.151
250	15	12	394.04	591.394
251	15	13	391.82099999999997	594.038
252	15	14	391.88599999999997	593.73
253	15	15	392.695	596.568
254	15	16	396.349	597.016
255	15	17	398.264	596.8480000000001
256	15	18	399.746	599.257
257	15	19	397.838	596.985
258	15	20	396.651	599.184
259	15	21	401.19699999999995	601.88
260	15	22	401.91900000000004	604.6569999999999
261	15	23	404.64300000000003	608.094
262	15	24	405.62	610.552
263	15	25	402.12	611.5840000000001
264	15	26	403.54400000000004	610.373
265	15	27	403.50300000000004	612.45
266	15	28	397.634	610.381
267	15	29	415.145	604.654
268	15	30	418.54900000000004	605.612
269	17	0	63.185	632.183
270	17	1	64.872	635.862
271	17	2	66.095	643.401
272	17	3	72.919	647.755
273	17	4	79.867	650.674
274	17	5	82.238	655.971
275	17	6	78.972	638.3530000000001
276	17	7	79.293	633.573
277	17	8	82.52600000000001	630.436
278	17	9	91.44	626.845
279	17	10	96.75200000000001	628.141
280	17	11	99.84200000000001	639.8580000000001
281	17	12	102.287	644.005
282	17	13	100.95700000000001	644.933
283	17	14	99.686	650.716
284	17	15	97.352	654.632
285	17	16	95.335	653.381
286	17	17	97.441	652.035
287	17	18	99.23899999999999	641.79
288	17	19	100.184	636.441
289	17	20	99.00200000000001	637.719
290	17	21	87.318	643.113
291	17	22	86.751	654.318
292	17	23	86.916	657.828
293	17	24	85.8	664.95
294	17	25	87.75	664.95
295	17	26	87.1	664.95
296	22	0	510.67699999999996	51.496
297	22	1	515.215	55.031000000000006
298	22	2	519.813	55.727
299	22	3	519.368	54.415
300	22	4	521.364	56.691
301	22	5	526.201	56.598
302	22	6	527.5840000000001	57.656000000000006
303	22	7	531.847	61.016000000000005
304	22	8	526.715	63.771
305	22	9	525.5830000000001	65.535
306	22	10	523.798	63.349
307	22	11	525.637	60.49100000000001
308	22	12	525.957	58.461999999999996
309	22	13	526.936	59.138000000000005
310	22	14	529.159	56.691
311	22	15	531.521	55.919
312	22	16	531.29	54.715
313	22	17	533.28	53.227
314	22	18	535.41	51.18899999999999
315	22	19	534.92	54.979
316	22	20	540.503	61.202
317	22	21	542.128	62.18899999999999
318	22	22	541.026	62.288999999999994
319	22	23	540.687	63.271
320	22	24	541.024	63.187
321	22	25	541.8330000000001	66.37100000000001
322	22	26	542.9159999999999	67.727
323	22	27	542.677	70.771
324	22	28	542.784	70.88600000000001
325	22	29	545.119	71.545
326	22	30	544.4069999999999	71.932
327	22	31	546.0369999999999	70.654
328	22	32	547.7909999999999	67.47
329	22	33	547.945	64.486
330	22	34	546.746	59.542
331	22	35	547.51	58.963
332	22	36	550.876	56.355
333	22	37	550.797	56.728
334	22	38	554.003	55.35
335	22	39	553.618	56.0
336	22	40	551.568	57.913000000000004
337	22	41	554.4119999999999	56.983000000000004
338	22	42	557.999	56.16
339	22	43	558.96	54.96
340	22	44	559.518	56.246
341	22	45	573.56	60.839
342	22	46	575.281	61.343
343	22	47	582.757	64.29
344	22	48	584.932	65.046
345	22	49	584.939	63.986999999999995
346	22	50	587.016	64.675
347	22	51	587.761	65.979
348	22	52	583.268	66.07300000000001
349	22	53	579.607	69.322
350	22	54	582.349	68.563
351	22	55	579.596	70.888
352	22	56	580.342	71.818
353	22	57	578.693	72.27600000000001
354	22	58	581.361	71.346
355	22	59	584.569	66.735
356	22	60	587.887	65.288
357	22	61	586.9069999999999	63.52
358	22	62	585.2909999999999	62.062
359	22	63	584.6030000000001	61.713
360	22	64	585.222	61.126000000000005
361	22	65	584.781	60.361000000000004
362	22	66	586.087	62.823
363	22	67	585.7090000000001	68.329
364	22	68	585.547	63.177
365	22	69	586.821	64.813
366	22	70	588.587	62.266999999999996
367	22	71	589.145	64.108
368	22	72	586.865	63.056999999999995
369	22	73	586.987	64.251
370	22	74	588.857	64.24600000000001
371	22	75	590.595	61.838
372	22	76	589.776	62.113
373	22	77	587.781	54.993
374	22	78	584.389	50.218999999999994
375	22	79	582.456	50.39
376	22	80	587.262	51.223
377	22	81	583.955	50.276
378	22	82	584.5369999999999	54.013000000000005
379	22	83	580.494	53.316
380	22	84	580.562	51.025
381	22	85	579.544	48.083999999999996
382	22	86	580.658	47.077
383	22	87	575.966	41.098
384	22	88	572.83	38.775999999999996
385	22	89	574.069	39.771
386	22	90	576.63	40.412
387	22	91	575.375	42.187
388	22	92	576.05	39.592
389	22	93	574.2819999999999	37.622
390	27	2	511.217	74.258
391	27	3	511.15	74.84100000000001
392	27	4	512.285	76.20100000000001
393	27	5	512.705	74.559
394	27	6	511.68	75.343
395	27	7	510.49300000000005	75.852
396	27	8	509.608	78.92699999999999
397	27	9	505.214	79.12
398	27	10	494.667	81.398
399	27	11	493.20300000000003	79.859
400	27	12	489.349	80.517
401	27	13	492.098	78.916
402	27	14	484.756	80.597
403	27	15	486.796	81.622
404	27	16	489.30300000000005	80.539
405	27	17	484.35	83.164
406	27	18	484.92	82.88799999999999
407	27	19	481.582	88.824
408	27	20	478.16900000000004	94.11
409	27	21	471.96	94.845
410	27	22	471.81	94.676
411	27	23	471.16900000000004	98.53
412	27	24	465.941	103.484
413	27	25	464.208	103.86399999999999
414	27	26	463.82599999999996	105.75299999999999
415	27	27	463.80199999999996	103.618
416	27	28	466.907	88.662
417	27	29	467.958	81.975
418	27	30	468.217	77.616
419	27	31	464.14599999999996	76.493
420	27	32	475.73400000000004	72.733
421	27	33	482.336	70.77
422	27	34	482.092	65.84
423	27	35	479.19300000000004	57.666000000000004
424	27	36	476.588	53.331
425	27	37	475.73900000000003	52.318000000000005
426	27	38	475.594	51.44
427	27	39	477.615	51.391000000000005
428	27	40	479.116	51.974
429	27	41	476.76800000000003	50.747
430	27	42	475.024	52.126999999999995
431	27	43	476.68	51.833999999999996
432	27	44	475.781	51.783
433	27	45	477.102	52.696000000000005
434	27	46	476.267	52.901
435	27	47	475.64099999999996	51.508
436	27	48	475.82300000000004	50.595
437	27	49	475.97900000000004	51.661
438	27	50	475.616	50.586000000000006
439	27	51	475.244	50.56399999999999
440	27	52	476.42800000000005	50.43
441	27	53	475.06800000000004	50.535
442	27	54	477.32800000000003	49.806999999999995
443	27	55	478.64	49.832
444	27	56	478.44	51.402
445	27	57	476.631	52.21
446	27	58	477.25699999999995	52.507
447	27	59	477.111	51.363
448	27	60	479.13699999999994	51.778
449	27	61	479.12699999999995	51.099
450	27	62	476.588	52.291000000000004
451	27	63	477.17800000000005	51.786
452	27	64	479.042	50.815
453	27	65	479.605	51.2
454	27	66	479.27099999999996	50.754
455	27	67	475.273	51.87
456	27	68	478.311	50.343999999999994
457	27	69	477.45599999999996	50.747
458	27	70	476.267	50.747
459	27	71	471.001	50.111999999999995
460	27	72	470.476	51.606
461	27	73	470.79699999999997	50.215
462	27	74	472.722	52.038999999999994
463	27	75	482.54400000000004	50.122
464	27	76	477.76800000000003	50.213
465	27	77	479.10900000000004	50.136
466	27	78	476.661	49.773999999999994
467	27	79	476.28	49.617
468	27	80	478.601	49.818999999999996
469	27	81	479.708	50.354
470	27	82	481.045	49.655
471	27	83	478.87800000000004	49.852
472	27	84	478.777	50.646
473	27	85	477.54900000000004	50.696000000000005
474	27	86	477.16900000000004	49.841
475	27	87	474.795	50.522
476	27	88	477.37800000000004	50.221000000000004
477	27	89	476.94699999999995	49.858999999999995
478	27	90	477.88	49.843
479	27	91	476.49699999999996	51.342
480	27	92	476.44599999999997	50.03
481	27	93	478.849	49.397
482	27	94	478.902	49.475
483	27	95	481.23400000000004	49.68
484	27	96	482.485	49.349
485	30	6	664.95	129.35
486	30	7	664.95	135.2
487	30	8	654.9780000000001	143.651
488	30	9	648.63	150.072
489	30	10	642.722	153.72
490	30	11	638.491	158.805
491	30	12	631.302	165.317
492	30	13	626.2909999999999	171.732
493	30	14	623.314	174.03
494	30	15	616.5369999999999	175.968
495	30	16	615.859	178.81599999999997
496	30	17	611.413	184.15200000000002
497	30	18	605.558	184.597
498	30	19	600.889	190.717
499	30	20	596.578	196.148
500	30	21	593.4680000000001	200.15400000000002
501	30	22	591.763	203.007
502	30	23	588.612	204.917
503	30	24	587.548	205.497
504	30	25	582.398	206.34099999999998
505	30	26	582.196	206.525
506	30	27	580.678	206.889
507	30	28	586.766	205.424
508	30	29	591.669	203.141
509	30	30	589.9169999999999	203.75599999999997
510	30	31	590.596	203.80599999999998
511	30	32	591.884	202.33700000000002
512	30	33	590.31	203.08900000000003
513	30	34	590.227	204.49900000000002
514	30	35	588.888	206.025
515	30	36	587.451	206.707
516	30	37	587.797	206.505
517	30	38	584.563	207.074
518	30	39	582.251	206.06099999999998
519	30	40	580.31	208.231
520	30	41	581.743	206.68099999999998
521	30	42	580.524	208.67700000000002
522	30	43	581.275	207.584
523	30	44	580.9069999999999	207.845
524	30	45	581.389	208.91
525	30	46	580.991	209.30900000000003
526	30	47	579.906	207.50799999999998
527	30	48	580.91	208.014
528	30	49	581.066	206.984
529	30	50	581.11	205.707
530	30	51	582.727	205.25400000000002
531	30	52	582.322	206.327
532	30	53	583.008	204.175
533	30	54	585.105	205.857
534	30	55	585.063	198.197
535	30	56	584.8290000000001	197.80200000000002
536	30	57	583.008	194.551
537	30	58	584.429	194.68200000000002
538	30	59	587.361	196.428
539	30	60	589.284	199.041
540	30	61	594.163	199.709
541	30	62	593.937	200.63
542	30	63	592.168	201.85299999999998
543	30	64	588.241	199.743
544	30	65	598.716	181.145
545	30	66	596.13	175.53400000000002
546	30	67	593.266	171.187
547	30	68	597.644	170.07
548	30	69	598.888	171.893
549	30	70	600.3330000000001	171.60299999999998
550	30	71	605.455	165.49200000000002
551	30	72	615.999	161.636
552	30	73	615.5419999999999	157.584
553	30	74	614.56	159.501
554	30	75	614.151	158.386
555	30	76	617.589	158.80200000000002
556	30	77	618.8009999999999	160.129
557	30	78	618.934	161.679
558	34	12	173.55	0.0
559	34	13	175.938	3.858
560	34	14	182.88	15.604000000000001
561	34	15	188.28400000000002	21.324
562	34	16	194.606	25.999000000000002
563	34	17	200.97299999999998	19.143
564	34	18	203.46	15.741
565	34	19	203.0	19.105
566	34	20	194.545	21.601
567	34	21	192.77900000000002	21.151
568	34	22	188.30900000000003	22.058000000000003
569	34	23	176.021	21.366
570	34	24	166.731	16.66
571	34	25	170.918	18.315
572	34	26	171.09	20.721
573	34	27	176.79	23.592
574	34	28	179.05700000000002	23.29
575	34	29	165.74	19.205
576	34	30	170.485	21.416
577	34	31	151.89700000000002	14.425
578	34	32	148.683	14.857000000000001
579	34	33	150.64600000000002	11.718
580	34	34	150.458	9.658999999999999
581	37	12	451.13300000000004	504.80800000000005
582	37	13	443.135	506.55199999999996
583	37	14	440.608	488.33099999999996
584	37	15	443.36800000000005	488.01
585	37	16	452.349	483.899
586	37	17	452.371	480.99199999999996
587	37	18	450.504	477.74699999999996
588	37	19	448.298	480.50699999999995
589	37	20	442.216	492.47
590	37	21	442.63699999999994	491.881
591	37	22	442.461	492.588
592	37	23	441.39599999999996	491.514
593	37	24	442.218	491.17
594	37	25	441.89300000000003	491.542
595	37	26	442.42699999999996	493.413
596	37	27	442.29400000000004	494.389
597	37	28	442.43	492.577
598	37	29	442.38599999999997	492.73900000000003
599	37	30	440.89300000000003	492.121
600	37	31	439.56199999999995	491.389
601	37	32	439.81	492.11300000000006
602	37	33	439.352	492.4
603	37	34	438.9	491.277
604	37	35	439.585	491.394
605	37	36	438.597	491.587
606	37	37	439.92699999999996	491.69300000000004
607	37	38	439.81199999999995	491.421
608	37	39	439.337	491.105
609	37	40	438.816	492.963
610	37	41	438.976	493.369
611	37	42	439.463	492.093
612	37	43	439.505	492.81699999999995
613	37	44	439.125	493.55
614	37	45	439.335	493.38300000000004
615	37	46	438.589	493.589
616	37	47	439.38199999999995	492.81
617	37	48	439.414	492.87800000000004
618	37	49	438.015	492.074
619	37	50	437.34	489.63699999999994
620	37	51	438.334	491.069
621	37	52	439.009	491.69300000000004
622	37	53	439.145	491.07800000000003
623	37	54	438.556	491.44199999999995
624	37	55	437.894	491.485
625	37	56	438.616	492.215
626	37	57	438.616	493.565
627	37	58	438.49300000000005	494.074
628	37	59	436.278	491.46
629	37	60	436.936	491.68
630	37	61	438.01300000000003	491.661
631	37	62	437.765	492.045
632	37	63	438.338	493.336
633	37	64	437.403	491.838
634	37	65	437.52099999999996	492.522
635	37	66	435.841	491.273
636	37	67	438.293	494.20599999999996
637	37	68	438.559	492.972
638	37	69	438.827	492.712
639	37	70	437.717	490.87699999999995
640	37	71	438.045	489.92699999999996
641	37	72	437.805	492.099
642	37	73	437.773	491.199
643	37	74	438.19199999999995	492.069
644	37	75	437.63199999999995	491.75
645	37	76	437.789	491.14099999999996
646	37	77	438.215	492.37199999999996
647	37	78	438.76300000000003	491.63300000000004
648	37	79	438.724	491.839
649	37	80	438.541	492.089
650	37	81	438.56699999999995	491.87699999999995
651	37	82	438.36800000000005	492.365
652	37	83	439.58	493.69800000000004
653	37	84	438.846	492.95
654	37	85	438.536	492.62800000000004
655	37	86	438.189	492.159
656	37	87	437.95	491.875
657	37	88	438.00199999999995	491.82800000000003
658	37	89	438.749	492.022
659	37	90	438.089	491.787
660	37	91	438.719	492.97
661	37	92	438.56199999999995	491.652
662	37	93	438.574	491.44800000000004
663	37	94	438.57099999999997	491.751
664	37	95	438.407	491.712
665	37	96	439.68	492.463
666	41	13	489.064	374.709
667	41	14	487.44599999999997	376.565
668	41	15	474.04699999999997	360.69599999999997
669	41	16	465.249	361.034
670	41	17	467.964	359.089
671	41	18	469.333	356.478
672	41	19	463.05	347.86800000000005
673	41	20	460.09	343.913
674	41	21	461.543	346.99300000000005
675	41	22	461.485	344.973
676	41	23	462.18800000000005	345.869
677	41	24	459.99	346.714
678	41	25	458.135	346.56800000000004
679	41	26	451.014	348.18800000000005
680	41	27	446.529	353.11699999999996
681	41	28	455.439	339.005
682	41	29	460.027	331.375
683	41	30	460.273	331.435
684	41	31	461.037	332.881
685	41	32	455.594	336.36300000000006
686	41	33	436.586	339.959
687	41	34	429.941	337.42900000000003
688	41	35	423.655	350.353
689	41	36	423.626	349.087
690	41	37	420.10900000000004	353.38300000000004
691	41	38	423.23199999999997	351.35900000000004
692	41	39	429.023	346.68
693	41	40	435.94199999999995	355.162
694	41	41	422.89099999999996	346.98900000000003
695	41	42	416.12699999999995	331.58099999999996
696	41	43	419.536	340.485
697	41	44	420.389	340.39300000000003
698	41	45	419.441	344.731
699	41	46	420.124	348.152
700	41	47	420.278	346.228
701	41	48	419.162	346.93199999999996
702	41	49	419.13	346.277
703	41	50	422.452	346.289
704	41	51	418.423	341.89
705	41	52	430.99800000000005	340.046
706	41	53	428.269	333.25
707	41	54	431.74199999999996	326.185
708	41	55	430.348	332.418
709	41	56	432.039	337.184
710	41	57	430.205	336.945
711	41	58	431.32599999999996	329.36
712	41	59	416.285	332.27099999999996
713	41	60	423.017	330.602
714	41	61	421.35900000000004	329.51199999999994
715	41	62	413.536	331.376
716	41	63	402.88599999999997	321.96299999999997
717	41	64	404.879	316.786
718	41	65	398.186	319.04200000000003
719	41	66	400.216	320.57599999999996
720	41	67	403.07599999999996	314.645
721	41	68	403.281	312.355
722	41	69	395.394	316.807
723	41	70	389.974	322.788
724	41	71	386.37300000000005	318.994
725	41	72	387.416	319.20599999999996
726	41	73	388.98199999999997	317.509
727	41	74	388.57599999999996	319.087
728	41	75	390.461	319.276
729	41	76	390.194	319.17
730	41	77	390.79400000000004	318.381
731	41	78	389.527	317.10200000000003
732	41	79	390.02	318.068
733	41	80	390.81699999999995	318.705
734	41	81	392.68199999999996	318.06
735	41	82	389.80800000000005	318.663
736	41	83	391.045	318.348
737	41	84	390.57099999999997	318.947
738	41	85	394.444	314.994
739	41	86	391.418	317.632
740	41	87	392.034	316.651
741	41	88	392.45	318.228
742	41	89	389.39099999999996	317.183
743	41	90	390.7	317.58099999999996
744	41	91	392.20099999999996	317.54
745	41	92	391.32	317.35400000000004
746	41	93	388.731	316.697
747	41	94	389.45099999999996	316.314
748	41	95	390.66900000000004	316.672
749	41	96	392.744	317.345
750	42	15	247.003	496.51199999999994
751	42	16	246.078	497.31800000000004
752	42	17	246.933	492.592
753	42	18	253.782	494.18699999999995
754	42	19	249.362	500.29
755	42	20	257.91700000000003	491.71
756	42	21	257.594	487.21
757	42	22	262.72900000000004	486.594
758	42	23	265.35	481.98199999999997
759	42	24	271.224	482.88800000000003
760	42	25	278.67400000000004	483.08099999999996
761	42	26	289.481	471.64099999999996
762	42	27	285.138	474.926
763	42	28	292.893	467.51
764	42	29	289.145	470.827
765	42	30	281.488	474.99
766	42	31	275.82599999999996	478.94599999999997
767	42	32	269.178	479.829
768	42	33	269.88	470.41900000000004
769	42	34	284.16	469.223
770	42	35	293.861	467.82300000000004
771	42	36	289.259	470.325
772	42	37	290.093	471.459
773	42	38	281.058	475.71
774	42	39	286.695	478.691
775	42	40	278.988	480.04400000000004
776	42	41	280.215	476.207
777	42	42	284.218	474.75800000000004
778	42	43	290.60900000000004	471.05
779	42	44	286.683	474.634
780	42	45	295.812	480.889
781	42	46	292.672	477.523
782	42	47	288.5	478.04
783	42	48	290.423	471.899
784	42	49	293.166	470.668
785	42	50	288.483	470.86300000000006
786	42	51	292.84	469.12
787	42	52	291.584	469.879
788	42	53	290.997	468.376
789	42	54	295.51599999999996	466.272
790	42	55	293.343	465.667
791	42	56	294.464	461.42699999999996
792	42	57	299.311	462.819
793	42	58	300.275	460.528
794	42	59	293.47900000000004	464.124
795	42	60	297.839	465.43199999999996
796	42	61	299.279	469.74
797	42	62	292.697	472.664
798	42	63	285.406	472.079
799	42	64	288.98400000000004	471.028
800	42	65	286.57599999999996	468.776
801	42	66	288.252	468.23800000000006
802	42	67	277.97700000000003	462.95099999999996
803	42	68	285.433	458.351
804	42	69	297.039	459.305
805	42	70	277.538	448.541
806	42	71	287.628	440.83
807	42	72	283.029	431.79400000000004
808	42	73	279.295	439.06699999999995
809	42	74	269.126	437.639
810	42	75	275.336	429.519
811	42	76	276.55400000000003	434.80300000000005
812	42	77	279.722	434.06
813	42	78	280.552	435.009
814	42	79	279.719	437.001
815	42	80	270.952	440.341
816	42	81	264.742	429.98900000000003
817	42	82	260.166	411.251
818	42	83	259.087	418.991
819	42	84	259.3	415.70599999999996
820	42	85	260.767	418.01199999999994
821	42	86	257.62	417.918
822	42	87	246.419	414.074
823	42	88	246.053	424.019
824	42	89	240.078	427.14599999999996
825	42	90	235.763	430.20099999999996
826	42	91	233.09099999999998	442.653
827	42	92	230.419	430.86300000000006
828	42	93	227.80200000000002	418.778
829	42	94	230.123	432.716
830	42	95	228.864	432.93800000000005
831	42	96	229.815	437.876
832	43	16	612.554	25.921999999999997
833	43	17	606.67	19.894000000000002
834	43	18	614.489	5.769
835	43	19	634.249	13.934000000000001
836	43	20	637.0	0.0
837	43	21	636.703	15.652999999999999
838	43	22	631.7040000000001	14.15
839	43	23	632.985	13.977
840	43	24	633.597	12.091
841	43	25	631.183	16.676
842	43	26	631.0509999999999	16.483
843	43	27	633.4590000000001	16.297
844	43	28	632.513	16.676
845	43	29	631.818	14.412
846	43	30	633.89	11.662
847	43	31	629.422	14.936
848	43	32	634.605	15.735
849	43	33	629.044	17.783
850	43	34	637.1759999999999	12.927999999999999
851	43	35	630.222	17.042
852	43	36	631.4540000000001	14.88
853	43	37	632.485	18.305999999999997
854	43	38	633.026	14.950999999999999
855	43	39	632.156	15.47
856	43	40	628.24	19.632
857	43	41	628.9490000000001	19.316
858	43	43	634.004	14.845
859	43	44	636.1659999999999	19.229
860	43	45	630.535	17.659000000000002
861	43	46	624.325	12.030999999999999
862	43	47	628.2330000000001	10.630999999999998
863	50	20	654.775	4.7410000000000005
864	50	21	642.85	0.0
865	50	22	635.05	0.0
866	50	23	637.65	0.0
867	50	24	638.95	0.0
868	50	25	630.5	0.0
869	50	26	625.3	0.0
870	50	27	623.094	7.602
871	50	28	629.2	0.0
872	50	29	619.8240000000001	9.736
873	50	30	621.4490000000001	9.158999999999999
874	50	31	621.9580000000001	7.05
875	50	32	631.55	3.7910000000000004
876	50	33	630.6659999999999	8.257
877	50	34	626.0369999999999	6.903
878	50	35	629.289	5.652
879	50	36	628.55	0.0
880	50	37	620.535	12.954
881	50	38	624.066	8.397
882	50	39	627.571	5.358
883	50	40	624.111	9.545
884	50	41	623.314	9.163
885	50	42	627.922	6.712999999999999
886	50	43	623.181	11.792
887	57	25	543.439	209.28400000000002
888	57	26	536.004	207.005
889	57	27	527.2330000000001	193.165
890	57	28	513.756	185.767
891	57	29	523.429	185.362
892	57	30	523.23	186.33900000000003
893	57	31	525.25	187.877
894	57	32	531.307	187.61
895	57	33	538.465	178.171
896	57	34	542.875	174.919
897	57	35	548.14	175.981
898	57	36	545.893	181.632
899	57	37	539.6030000000001	191.959
900	57	38	541.028	191.732
901	57	39	542.385	189.392
902	57	40	542.242	192.93900000000002
903	57	41	535.989	170.855
904	57	42	531.715	189.238
905	57	43	534.669	197.562
906	57	44	531.645	194.62
907	57	45	535.42	197.46900000000002
908	57	46	534.6030000000001	196.611
909	57	47	533.482	198.322
910	57	48	533.35	198.708
911	57	49	534.066	198.114
912	57	50	542.558	189.734
913	57	51	534.462	191.04
914	57	52	532.106	192.53400000000002
915	57	53	538.224	189.623
916	57	54	537.936	181.405
917	57	55	538.6080000000001	179.202
918	57	56	542.214	174.951
919	57	57	543.0880000000001	173.797
920	57	58	545.2130000000001	172.81099999999998
921	57	59	547.126	164.919
922	57	60	549.684	168.044
923	57	61	551.696	158.705
924	57	62	554.011	152.908
925	57	63	559.54	147.716
926	58	26	141.783	502.348
927	58	27	142.52100000000002	501.82199999999995
928	58	28	149.11700000000002	500.32800000000003
929	58	29	165.274	500.624
930	58	30	165.513	490.87
931	58	31	161.966	483.43699999999995
932	58	32	160.858	477.106
933	58	33	152.92700000000002	465.79900000000004
934	58	34	155.041	467.156
935	58	35	156.31799999999998	460.556
936	58	36	150.1	450.79699999999997
937	58	37	139.815	440.63599999999997
938	58	38	141.12	430.366
939	58	39	137.40200000000002	428.374
940	58	40	128.50799999999998	427.965
941	58	41	115.876	412.186
942	58	42	105.509	401.60699999999997
943	58	43	101.679	402.19300000000004
944	58	44	119.38600000000001	413.577
945	58	45	126.963	429.098
946	58	46	128.82399999999998	435.411
947	58	47	129.566	433.733
948	58	48	129.859	444.936
949	58	49	126.87100000000001	459.21
950	58	50	120.285	458.462
951	58	51	115.04700000000001	480.69599999999997
952	58	52	108.884	470.01300000000003
953	58	53	110.163	460.273
954	58	54	105.73200000000001	466.25199999999995
955	58	55	109.234	464.334
956	58	56	108.78200000000001	465.86
957	58	57	108.556	468.041
958	59	25	162.954	571.827
959	59	26	159.748	570.307
960	59	27	160.776	570.675
961	59	28	162.679	571.507
962	59	29	170.46900000000002	573.847
963	59	30	166.489	573.938
964	59	31	170.641	576.107
965	59	32	169.97	573.406
966	59	33	170.19799999999998	572.5930000000001
967	59	34	168.767	572.7909999999999
968	59	35	164.396	570.604
969	59	36	164.21900000000002	570.222
970	59	37	164.733	569.091
971	59	38	164.141	568.748
972	59	39	161.35	567.768
973	59	40	163.282	569.764
974	59	41	158.575	567.87
975	59	42	155.468	565.4169999999999
976	59	43	155.452	565.847
977	59	44	155.471	565.1759999999999
978	59	45	157.513	567.521
979	59	46	158.524	568.28
980	59	47	159.47299999999998	568.169
981	59	48	166.296	571.237
982	59	49	167.41299999999998	569.028
983	59	50	171.71099999999998	564.355
984	59	51	176.903	563.505
985	59	52	179.445	562.868
986	59	53	185.326	560.82
987	59	54	182.702	560.133
988	59	55	180.86700000000002	561.686
989	59	56	181.47	562.59
990	59	57	184.03799999999998	562.2040000000001
991	59	58	186.43400000000003	561.428
992	59	59	188.56599999999997	557.83
993	59	60	191.237	553.2040000000001
994	59	61	194.93599999999998	552.625
995	59	62	204.649	550.129
996	59	63	207.25799999999998	552.058
997	59	64	206.923	561.83
998	59	65	205.297	562.247
999	59	66	205.864	563.865
1000	59	67	220.074	572.0319999999999
1001	59	68	215.638	556.076
1002	59	69	206.391	543.8290000000001
1003	59	70	214.25900000000001	526.929
1004	59	71	214.111	521.2819999999999
1005	59	72	207.595	530.859
1006	66	34	305.308	149.335
1007	66	35	294.881	166.514
1008	66	36	294.091	168.675
1009	66	37	294.259	168.275
1010	66	38	294.151	167.563
1011	66	39	292.257	166.615
1012	66	40	292.835	170.358
1013	66	41	286.897	174.149
1014	66	42	287.452	175.673
1015	66	43	291.694	169.507
1016	66	44	287.931	172.785
1017	66	45	287.702	175.4
1018	66	46	290.47	180.69099999999997
1019	66	47	287.237	169.27
1020	66	48	289.255	164.00599999999997
1021	66	49	291.188	170.43900000000002
1022	66	50	290.802	173.299
1023	66	51	290.426	176.535
1024	66	52	290.681	181.46
1025	66	53	292.064	184.421
1026	66	54	292.934	181.593
1027	66	55	295.69	181.28599999999997
1028	66	56	297.182	186.335
1029	66	57	298.214	192.87
1030	66	58	299.60900000000004	195.546
1031	66	59	299.746	195.023
1032	66	60	299.566	194.05
1033	66	61	299.721	189.442
1034	66	62	297.496	186.52
1035	66	63	298.481	182.49900000000002
1036	66	64	299.73900000000003	184.418
1037	66	65	299.106	180.63299999999998
1038	66	66	296.559	176.68599999999998
1039	66	67	297.774	176.325
1040	66	68	299.568	178.037
1041	66	69	301.365	177.737
1042	66	70	300.492	174.435
1043	66	71	299.818	177.03900000000002
1044	66	72	299.073	174.68
1045	66	73	298.791	176.86700000000002
1046	66	74	296.974	174.078
1047	66	75	295.755	171.521
1048	66	76	292.093	164.395
1049	66	77	289.306	158.92
1050	66	78	287.974	158.667
1051	66	79	285.765	158.632
1052	66	80	280.281	154.321
1053	66	81	278.0	148.827
1054	66	82	280.42	151.69899999999998
1055	66	83	280.128	158.489
1056	66	84	279.741	154.04
1057	66	85	279.45799999999997	156.349
1058	66	86	283.684	153.219
1059	66	87	279.437	136.287
1060	66	88	275.678	120.55799999999999
1061	66	89	276.934	119.715
1062	66	90	274.226	102.943
1063	66	91	276.332	106.039
1064	66	92	273.86	102.322
1065	66	93	262.228	104.012
1066	66	94	262.247	107.26799999999999
1067	66	95	282.903	110.36399999999999
1068	66	96	278.422	104.58
1069	74	39	494.11199999999997	623.212
1070	74	40	491.62699999999995	621.474
1071	74	41	499.348	613.029
1072	74	42	500.81	618.81
1073	74	43	504.626	620.274
1074	74	44	499.12	608.9159999999999
1075	74	45	501.778	615.681
1076	74	46	502.23800000000006	604.58
1077	74	47	511.80400000000003	593.238
1078	74	48	510.68300000000005	582.775
1079	74	49	509.04	566.68
1080	74	50	511.69599999999997	567.594
1081	74	51	508.746	577.9730000000001
1082	74	52	510.87199999999996	580.0830000000001
1083	74	53	513.51	571.825
1084	74	54	509.431	571.269
1085	74	57	502.07599999999996	561.629
1086	74	58	501.745	561.778
1087	74	59	500.723	563.376
1088	74	60	494.47	571.555
1089	74	61	489.48900000000003	569.635
1090	79	47	309.335	550.153
1091	79	48	297.019	552.9540000000001
1092	79	49	305.132	557.384
1093	79	50	302.16200000000003	567.648
1094	79	51	286.131	555.964
1095	79	52	288.699	560.526
1096	79	53	287.10900000000004	558.261
1097	79	54	286.465	563.163
1098	79	55	289.703	560.451
1099	79	56	284.746	556.321
1100	79	57	288.08799999999997	557.361
1101	79	58	285.508	559.606
1102	79	59	287.464	561.303
1103	79	60	277.39599999999996	574.8530000000001
1104	79	61	277.048	582.693
1105	79	62	269.063	589.06
1106	79	63	272.106	583.211
1107	79	64	277.103	580.192
1108	79	65	276.66900000000004	582.5319999999999
1109	79	66	274.846	584.39
1110	79	67	277.324	583.852
1111	79	68	279.735	581.693
1112	79	69	277.85	582.274
1113	79	70	266.467	583.677
1114	79	71	256.754	579.73
1115	79	72	251.46200000000002	577.623
1116	79	73	246.951	573.605
1117	79	74	236.86599999999999	571.42
1118	79	75	246.11700000000002	560.3919999999999
1119	79	76	238.128	560.284
1120	79	77	242.035	555.337
1121	79	78	240.612	552.775
1122	79	79	245.115	547.273
1123	79	80	249.99900000000002	543.482
1124	79	81	270.036	547.9830000000001
1125	79	82	281.425	556.298
1126	79	83	281.88	556.38
1127	79	84	281.45799999999997	549.759
1128	79	85	281.001	550.99
1129	79	86	280.745	549.732
1130	79	87	282.485	550.094
1131	79	88	281.857	541.802
1132	79	89	260.959	546.612
1133	90	56	504.407	540.942
1134	90	57	516.899	549.153
1135	90	58	515.516	547.943
1136	90	59	515.648	551.562
1137	90	60	511.494	560.711
1138	90	61	513.326	563.805
1139	90	62	510.157	559.221
1140	90	63	519.251	567.9630000000001
1141	90	64	528.734	566.21
1142	90	65	530.774	558.17
1143	90	66	525.9580000000001	556.41
1144	90	67	528.683	555.423
1145	90	68	537.172	543.742
1146	90	69	540.818	554.168
1147	90	70	551.106	543.332
1148	90	71	559.405	530.905
1149	90	72	563.875	526.974
1150	90	73	558.434	533.997
1151	90	74	562.6080000000001	533.283
1152	90	75	563.474	540.137
1153	90	76	562.369	541.341
1154	90	77	562.835	540.847
1155	90	78	564.549	541.3009999999999
1156	90	79	560.961	544.355
1157	90	80	562.462	542.826
1158	90	81	559.494	551.805
1159	96	63	114.662	419.19699999999995
1160	96	64	103.116	418.504
1161	96	65	109.33	420.964
1162	96	66	97.639	433.036
1163	96	67	105.77	427.541
1164	96	68	100.367	431.57300000000004
1165	96	69	97.391	430.69300000000004
1166	96	70	96.391	429.837
1167	96	71	92.18299999999999	430.594
1168	96	72	96.56	419.715
1169	96	73	100.429	414.288
1170	96	74	104.70200000000001	411.792
1171	96	75	110.884	416.01
1172	96	76	106.60700000000001	416.418
1173	96	77	105.46799999999999	418.09
1174	96	78	109.76	429.461
1175	96	79	117.649	436.338
1176	96	80	117.719	439.955
1177	96	81	124.936	437.50699999999995
1178	96	82	141.08	420.962
1179	96	83	146.953	423.898
1180	96	84	148.89	426.24199999999996
1181	96	85	148.07299999999998	428.96
1182	96	86	152.819	435.63599999999997
1183	96	87	152.296	456.094
1184	96	88	143.778	452.403
1185	103	70	383.314	67.262
1186	103	71	388.911	55.476000000000006
1187	103	72	402.365	42.038999999999994
1188	103	73	387.116	58.309
1189	103	74	389.965	73.16
1190	103	75	404.786	70.952
1191	103	76	414.32800000000003	76.366
1192	103	77	414.71	65.425
1193	103	78	415.30699999999996	57.628
1194	103	79	420.014	56.773999999999994
1195	103	80	412.17800000000005	71.314
1196	103	81	411.57	68.467
1197	103	82	405.05300000000005	73.809
1198	103	83	404.087	73.572
1199	103	84	410.851	65.39399999999999
1200	103	85	409.246	75.298
1201	103	86	408.454	62.349
1202	103	87	406.631	72.727
1203	103	88	417.202	73.446
1204	103	89	420.025	72.6
1205	103	90	411.01099999999997	69.476
1206	103	91	413.898	68.93
1207	103	92	408.745	67.321
1208	103	93	407.413	66.631
1209	103	94	401.85400000000004	71.006
1210	103	95	391.749	78.866
1211	103	96	393.509	83.994
1212	106	72	92.90799999999999	518.332
1213	106	73	104.65100000000001	513.793
1214	106	78	114.306	517.42
1215	106	79	111.57	516.453
1216	106	80	109.279	520.279
1217	106	81	117.97399999999999	513.257
1218	106	82	117.571	521.097
1219	106	87	108.815	537.5880000000001
1220	106	88	114.706	518.919
1221	106	89	112.15899999999999	510.399
1222	106	90	121.90899999999999	496.68800000000005
1223	106	91	128.613	486.306
1224	106	92	122.02799999999999	486.676
1225	106	93	110.13799999999999	493.74199999999996
