	TRACK_ID	FRAME	POSITION_X	POSITION_Y
0	6	0	76.563	41.817
1	6	1	64.704	47.288999999999994
2	6	2	65.45100000000001	59.708999999999996
3	6	3	81.829	41.228
4	6	4	89.906	42.562
5	6	5	103.475	46.513999999999996
6	6	6	95.152	41.57
7	6	7	89.762	41.955
8	6	8	86.31299999999999	45.784
9	6	9	70.176	62.86600000000001
10	6	10	68.414	55.781000000000006
11	6	11	62.114	58.593999999999994
12	6	12	70.938	41.106
13	6	13	80.615	36.88
14	6	14	91.32	38.466
15	6	15	99.71	36.086
16	6	16	81.78399999999999	50.538999999999994
17	6	17	75.696	64.055
18	6	18	81.025	68.048
19	6	19	87.01299999999999	71.795
20	6	20	95.321	75.673
21	6	21	94.02600000000001	84.912
22	6	22	108.556	79.868
23	6	23	86.949	76.581
24	6	24	72.54899999999999	73.32600000000001
25	6	25	75.933	75.541
26	6	26	76.358	67.058
27	6	27	70.601	73.047
28	6	28	62.888999999999996	72.923
29	6	29	67.61399999999999	78.432
30	6	30	76.808	85.48
31	6	31	79.65	87.677
32	6	32	72.485	94.61399999999999
33	6	33	77.861	100.917
34	6	34	65.663	104.14200000000001
35	6	35	60.393	113.432
36	6	36	38.923	126.134
37	6	37	33.224000000000004	130.739
38	6	38	40.198	108.45200000000001
39	6	39	49.269	86.376
40	6	40	47.398999999999994	77.271
41	6	41	57.472	88.35600000000001
42	6	42	62.777	100.823
43	6	43	80.625	98.926
44	6	44	78.65	96.2
45	6	45	78.374	94.861
46	6	46	78.672	97.471
47	6	47	80.6	96.48700000000001
48	6	48	78.782	95.40299999999999
49	6	49	79.20100000000001	97.10799999999999
50	6	50	79.918	95.00200000000001
51	6	51	79.089	96.021
52	6	52	78.74600000000001	95.916
53	6	53	78.061	97.147
54	6	54	79.008	98.20100000000001
55	6	55	79.382	98.374
56	6	56	78.747	100.186
57	6	57	75.107	100.926
58	6	58	71.855	105.256
59	6	59	64.046	113.10600000000001
60	6	60	66.109	106.262
61	6	61	68.32600000000001	107.296
62	6	62	77.056	99.01799999999999
63	6	63	80.408	94.035
64	6	64	79.09899999999999	81.733
65	6	65	80.061	97.084
66	6	66	76.71600000000001	110.846
67	6	67	79.15899999999999	117.287
68	6	68	77.12	117.911
69	6	69	71.87	128.03
70	6	70	66.685	134.221
71	6	71	62.015	135.542
72	6	72	61.765	133.638
73	6	73	65.682	130.766
74	15	4	289.874	194.18400000000003
75	15	5	290.927	192.96
76	15	6	292.645	196.512
77	15	7	291.741	195.69299999999998
78	15	8	292.628	197.571
79	15	9	293.71299999999997	199.12599999999998
80	15	10	292.97700000000003	202.11700000000002
81	15	11	293.001	202.937
82	15	12	293.301	203.852
83	15	13	295.171	203.30700000000002
84	15	14	292.12	202.34900000000002
85	15	15	296.112	203.908
86	15	16	301.388	205.28799999999998
87	15	17	302.002	204.982
88	15	18	299.58799999999997	204.872
89	15	19	300.152	204.77599999999998
90	15	20	301.703	205.84799999999998
91	15	21	303.25	206.03900000000002
92	15	22	305.79	209.02700000000002
93	15	25	310.122	210.88099999999997
94	15	26	306.899	210.44400000000002
95	15	27	315.941	212.015
96	15	28	303.763	209.832
97	15	29	310.01599999999996	210.815
98	15	30	305.014	212.054
99	15	32	317.238	211.42
100	15	33	318.553	211.03900000000002
101	15	34	319.619	209.88400000000001
102	15	35	318.666	211.205
103	15	36	316.095	211.58900000000003
104	15	37	312.27299999999997	211.30700000000002
105	15	38	312.85200000000003	211.045
106	15	39	312.101	211.51
107	15	40	315.23	211.636
108	15	41	316.35	212.28599999999997
109	15	42	312.798	211.50599999999997
110	15	43	315.172	211.39
111	15	44	314.92400000000004	212.486
112	15	45	312.78700000000003	212.903
113	15	46	313.745	213.115
114	15	47	312.816	211.889
115	15	48	311.89799999999997	211.99099999999999
116	15	49	317.27	211.24400000000003
117	15	50	315.798	212.435
118	15	51	315.052	212.007
119	15	52	314.02	211.61700000000002
120	15	53	313.38	212.229
121	15	54	312.112	211.488
122	15	55	316.944	211.128
123	15	56	316.808	211.446
124	15	57	321.068	211.015
125	15	58	318.488	212.197
126	15	59	317.013	211.03799999999998
127	15	60	320.284	209.81099999999998
128	15	61	314.931	210.54
129	15	63	317.401	211.31
130	15	64	321.434	214.875
131	15	65	321.913	206.997
132	15	66	322.60200000000003	207.296
133	15	67	317.53	210.437
134	15	68	317.543	210.46900000000002
135	15	69	318.115	211.958
136	15	70	314.654	211.94299999999998
137	15	71	315.999	213.208
138	15	72	314.818	213.005
139	15	73	315.319	213.725
140	15	74	319.38	212.778
141	15	75	315.165	211.521
142	15	76	321.376	214.933
143	15	77	320.812	210.296
144	15	78	319.296	212.524
145	15	79	321.19	209.65900000000002
146	15	80	317.47900000000004	209.977
147	15	81	317.349	210.767
148	15	82	314.444	211.01
149	15	83	317.737	210.69400000000002
150	15	84	316.135	209.912
151	15	85	318.921	210.021
152	15	86	321.677	210.365
153	15	87	317.88	210.579
154	15	88	317.305	211.81400000000002
155	15	89	316.53	211.643
156	15	90	319.059	211.71200000000002
157	15	91	318.813	210.141
158	15	92	316.252	212.25900000000001
159	15	93	314.558	210.87
160	15	94	318.192	210.97299999999998
161	15	95	317.28	210.92
162	15	96	314.866	210.50599999999997
163	38	12	247.812	209.38400000000001
164	38	13	245.56400000000002	200.13299999999998
165	38	14	252.465	179.737
166	38	15	256.135	174.05599999999998
167	38	16	246.61900000000003	181.967
168	38	17	240.18400000000003	192.804
169	38	18	230.80200000000002	208.607
170	38	19	230.702	222.257
171	38	20	231.425	233.38
172	38	21	234.623	235.19400000000002
173	38	22	238.956	238.138
174	38	23	254.623	238.985
175	38	24	272.881	238.84900000000002
176	38	25	276.45	242.104
177	38	26	290.764	240.99099999999999
178	38	27	288.392	250.28400000000002
179	38	28	287.801	256.423
180	38	29	284.595	265.702
181	38	30	281.597	267.281
182	38	31	292.53700000000003	281.059
183	38	32	310.547	282.874
184	38	33	310.154	288.53700000000003
185	38	34	309.376	291.735
186	38	35	306.065	293.303
187	38	36	294.039	292.459
188	38	37	290.63	300.293
189	38	38	286.915	298.106
190	38	39	286.079	289.209
191	38	40	286.58799999999997	284.95099999999996
192	38	41	277.19	285.191
193	38	42	256.666	287.78
194	38	43	254.899	292.036
195	38	44	259.124	306.52299999999997
196	38	45	249.673	309.01
197	45	14	343.421	490.415
198	45	15	331.259	486.88699999999994
199	45	16	322.344	478.454
200	45	17	324.211	471.405
201	45	18	315.80400000000003	468.048
202	45	19	309.26599999999996	462.78
203	45	20	310.013	460.916
204	45	21	306.65	456.727
205	45	22	298.907	455.406
206	45	23	286.224	457.14099999999996
207	45	24	283.459	458.212
208	45	25	272.186	470.67800000000005
209	45	26	264.445	473.23
210	45	27	256.243	479.189
211	45	28	254.905	479.199
212	45	29	257.089	481.62
213	45	30	252.78900000000002	494.459
214	45	35	257.073	486.04699999999997
215	45	36	250.084	495.48900000000003
216	45	37	252.87599999999998	501.333
217	45	38	242.063	496.699
218	45	39	244.535	486.25
219	45	40	244.57	486.289
220	45	41	243.86	486.342
221	45	42	243.122	493.235
222	45	43	242.312	502.541
223	45	44	242.69799999999998	510.906
224	50	18	447.48900000000003	490.168
225	50	19	435.03	481.31199999999995
226	50	20	440.56699999999995	480.551
227	50	21	446.851	493.676
228	50	22	448.719	512.856
229	50	23	455.25699999999995	515.741
230	50	24	456.031	515.659
231	50	25	459.04400000000004	517.538
232	50	26	460.485	522.683
233	50	27	462.056	521.556
234	50	28	465.86400000000003	520.7230000000001
235	50	29	466.801	521.4259999999999
236	50	30	476.273	518.2869999999999
237	50	31	485.921	522.985
238	50	32	484.658	527.597
239	50	33	482.296	521.305
240	50	34	483.015	521.2330000000001
241	50	35	485.538	521.524
242	50	36	501.88	512.519
243	50	37	510.68	500.88
244	50	38	520.299	491.971
245	50	39	523.251	492.899
246	50	40	522.26	491.365
247	61	23	374.37	154.523
248	61	24	370.276	153.144
249	61	25	370.81	154.244
250	61	26	371.663	153.305
251	61	27	375.091	153.716
252	61	28	375.395	152.012
253	61	29	376.621	162.181
254	61	30	378.05400000000003	164.52599999999998
255	61	31	376.491	173.373
256	61	32	369.029	190.78
257	61	33	365.501	197.90099999999998
258	61	34	377.101	205.542
259	61	35	378.845	207.08599999999998
260	61	36	373.605	205.236
261	61	37	379.88599999999997	207.71
262	61	38	389.559	219.093
263	61	39	396.76	216.785
264	61	40	392.726	216.032
265	61	41	405.046	211.53599999999997
266	61	42	401.255	216.044
267	61	43	401.903	208.71900000000002
268	61	44	405.435	209.828
269	61	45	416.716	211.676
270	61	46	402.934	225.835
271	61	51	396.23199999999997	220.75099999999998
272	61	52	389.415	205.351
273	61	53	401.99800000000005	207.67700000000002
274	61	54	394.60400000000004	208.467
275	61	55	388.976	220.137
276	61	56	379.459	212.873
277	61	57	391.461	203.333
278	61	58	392.44300000000004	201.548
279	61	59	392.514	202.903
280	61	60	377.25300000000004	199.403
281	61	61	363.111	196.445
282	61	62	356.931	203.354
283	61	63	357.712	199.357
284	61	64	364.319	188.53799999999998
285	61	65	369.63800000000003	179.196
286	61	66	366.92199999999997	185.613
287	61	67	368.851	189.91099999999997
288	73	29	336.069	41.687
289	73	30	340.684	40.143
290	73	31	336.588	43.286
291	73	32	334.99199999999996	33.73
292	73	33	348.145	25.405
293	73	34	353.465	15.125
294	73	38	353.57199999999995	16.996
295	73	39	354.56	11.663
296	73	40	345.564	29.046
297	73	41	355.74199999999996	15.008
298	73	42	347.327	15.805
299	73	43	343.069	8.144
300	73	44	333.713	11.79
301	73	45	328.091	29.971999999999998
302	73	46	331.346	48.093
303	73	47	335.586	60.448
304	73	48	336.921	58.416000000000004
305	73	49	334.789	60.542
306	73	50	343.418	62.791000000000004
307	76	28	61.833999999999996	207.97799999999998
308	76	29	64.458	208.292
309	76	30	61.418	213.229
310	76	31	65.638	209.19299999999998
311	76	32	59.9	201.37
312	76	33	45.985	191.739
313	76	34	49.078	193.696
314	76	35	46.007	213.312
315	76	36	58.913000000000004	218.452
316	76	37	58.074	221.37900000000002
317	76	38	50.108000000000004	220.43900000000002
318	76	39	51.7	221.747
319	76	40	50.403	210.05200000000002
320	76	41	44.449	207.946
321	76	42	34.288000000000004	206.715
322	76	43	28.252	203.747
323	76	44	15.867	205.453
324	76	45	12.059000000000001	202.09900000000002
325	76	46	7.428999999999999	204.701
326	76	47	0.0	198.9
327	76	48	8.969	199.359
328	76	49	9.218	204.22
329	76	50	8.347999999999999	209.75599999999997
330	83	31	403.25800000000004	97.325
331	83	32	388.9	93.37899999999999
332	83	33	390.658	93.47200000000001
333	83	34	385.024	90.705
334	83	35	381.074	88.93
335	83	36	386.976	93.081
336	83	37	389.144	96.823
337	83	38	385.889	95.31200000000001
338	83	39	394.413	88.249
339	83	40	377.714	81.79
340	83	41	375.87699999999995	79.855
341	83	42	372.615	76.03399999999999
342	83	43	374.457	80.45
343	83	44	373.79699999999997	82.602
344	83	45	362.61400000000003	80.067
345	83	50	349.083	61.298
346	83	51	353.24199999999996	62.733999999999995
347	83	52	350.10699999999997	77.07300000000001
348	83	53	343.68199999999996	67.354
349	83	54	330.15	50.751999999999995
350	83	55	321.342	49.36
351	83	56	308.855	32.765
352	83	57	300.474	39.542
353	83	58	293.972	43.196000000000005
354	83	59	281.01599999999996	36.064
355	83	60	269.52099999999996	44.721000000000004
356	83	61	272.02099999999996	38.796
357	83	62	276.969	39.236999999999995
358	83	63	281.574	41.739
359	83	64	283.684	42.757
360	83	65	282.058	43.888000000000005
361	83	66	283.777	44.333
362	83	67	285.01099999999997	41.766999999999996
363	83	68	277.30400000000003	36.505
364	83	69	279.48400000000004	37.878
365	83	70	271.789	36.181999999999995
366	83	71	262.226	34.381
367	83	72	258.694	16.375
368	83	73	243.255	15.636
369	83	74	243.68	24.089000000000002
370	83	75	254.612	37.909
371	83	76	261.732	36.606
372	83	77	244.097	28.348000000000003
373	83	80	235.838	14.081
374	83	81	238.548	16.517
375	83	82	234.986	17.191
376	83	83	239.465	31.124000000000002
377	83	84	237.554	22.072
378	83	85	239.96400000000003	27.288
379	83	86	240.266	29.205
380	83	87	241.47099999999998	30.399
381	83	88	238.886	28.415
382	83	89	237.187	28.919
383	83	90	239.572	31.369
384	83	91	241.38400000000001	30.869
385	83	92	246.449	34.729
386	83	93	243.933	36.961
387	83	94	244.077	34.939
388	83	95	247.28799999999998	33.813
389	83	96	244.609	28.486
390	85	33	354.093	207.075
391	85	34	361.023	209.332
392	85	35	372.236	221.891
393	85	36	382.37800000000004	219.68
394	85	37	392.463	216.142
395	85	38	401.69300000000004	225.419
396	85	39	404.881	215.62
397	85	40	402.366	212.398
398	85	41	418.023	205.98
399	85	42	414.875	207.793
400	85	44	402.282	215.52900000000002
401	85	45	407.684	215.019
402	85	46	402.077	232.69299999999998
403	85	47	403.106	230.237
404	85	48	400.37300000000005	229.604
405	85	49	391.95	229.45
406	85	50	395.32099999999997	240.95
407	85	51	395.625	234.22400000000002
408	85	52	391.96	222.123
409	85	53	391.621	220.361
410	85	54	388.435	223.854
411	85	55	394.074	233.043
412	85	56	387.874	224.172
413	85	57	400.42800000000005	214.238
414	85	58	405.76	209.27599999999998
415	85	59	405.88	208.71099999999998
416	85	60	389.835	201.22400000000002
417	85	61	376.61800000000005	193.62900000000002
418	85	62	369.712	199.715
419	85	63	373.111	195.843
420	85	64	380.00199999999995	182.94
421	85	65	383.603	172.233
422	85	66	380.74199999999996	178.081
423	85	67	381.38599999999997	179.4
424	85	68	384.24300000000005	157.07
425	85	69	380.538	158.262
426	89	34	74.85300000000001	41.49
427	89	35	70.265	45.673
428	89	36	82.215	32.791
429	89	37	80.708	30.497
430	89	38	78.71300000000001	38.221
431	89	39	81.133	39.389
432	89	40	77.525	43.045
433	89	41	77.486	42.358000000000004
434	89	42	80.69800000000001	32.093
435	89	43	81.423	40.222
436	89	44	79.876	36.464
437	89	45	81.067	39.904
438	89	46	80.157	34.199
439	89	47	80.048	37.523
440	89	48	77.607	42.381
441	89	49	80.13600000000001	33.409
442	89	50	82.82700000000001	33.024
443	89	51	79.306	39.781
444	89	52	81.87	34.414
445	89	53	81.14399999999999	36.14
446	89	54	79.709	36.825
447	89	55	80.609	33.409
448	89	56	80.788	33.465
449	89	57	83.324	38.132
450	89	58	81.315	35.981
451	89	59	78.48100000000001	42.086999999999996
452	89	60	80.642	46.229
453	89	61	86.061	61.841
454	89	62	97.307	65.327
455	89	63	105.139	71.73100000000001
456	89	64	114.26799999999999	69.858
457	89	65	108.262	65.05
458	89	66	118.58	51.971000000000004
459	89	67	121.37899999999999	42.536
460	89	68	124.443	34.475
461	89	69	135.16899999999998	47.46
462	89	70	145.392	43.313
463	89	71	154.785	44.879
464	89	72	156.55200000000002	48.751000000000005
465	89	73	151.961	42.298
466	89	74	158.264	40.975
467	89	75	157.885	40.454
468	89	76	145.969	59.431000000000004
469	89	77	130.868	68.04899999999999
470	89	78	128.84	76.99600000000001
471	89	79	135.89700000000002	80.861
472	89	80	145.07399999999998	76.883
473	89	81	143.484	64.55
474	89	82	142.786	66.747
475	89	83	144.234	74.084
476	89	84	138.267	62.79600000000001
477	89	85	135.046	60.239
478	89	86	144.424	65.141
479	89	87	140.256	70.788
480	89	88	136.586	88.02
481	89	89	144.291	85.39399999999999
482	89	90	136.72799999999998	80.74600000000001
483	89	91	133.159	81.945
484	89	92	124.29299999999999	88.265
485	89	93	127.84299999999999	84.5
486	91	37	551.822	228.361
487	91	38	556.144	233.593
488	91	39	557.762	232.768
489	91	40	558.745	244.84900000000002
490	91	41	561.0	244.515
491	91	42	565.221	240.672
492	91	43	562.947	225.732
493	91	44	568.0790000000001	231.30599999999998
494	91	45	564.681	236.239
495	91	46	569.74	224.75400000000002
496	91	47	578.971	224.368
497	91	48	574.337	236.93400000000003
498	91	49	573.679	232.183
499	91	50	584.913	212.98
500	91	51	575.322	223.765
501	91	52	570.568	235.356
502	91	53	562.577	253.667
503	91	54	563.082	259.84
504	91	55	554.674	279.939
505	91	56	549.4540000000001	295.76599999999996
506	91	57	546.508	299.986
507	91	58	546.143	307.013
508	96	41	271.27099999999996	81.737
509	96	42	262.733	68.89399999999999
510	96	43	265.682	67.777
511	96	44	265.413	67.408
512	96	45	269.626	69.991
513	96	46	263.762	62.369
514	96	47	257.02099999999996	56.708
515	96	48	260.893	55.977
516	96	49	250.06599999999997	53.431999999999995
517	96	50	239.826	46.68
518	96	51	246.832	43.135
519	96	52	252.748	37.751999999999995
520	96	53	249.64	38.071
521	96	54	247.752	45.651
522	96	55	245.93099999999998	51.018
523	96	56	250.66299999999998	50.353
524	96	57	239.507	51.023999999999994
525	96	58	228.986	42.248999999999995
526	96	59	223.90900000000002	42.558
527	96	60	224.475	54.818000000000005
528	96	61	228.021	40.615
529	96	62	225.209	30.166999999999998
530	96	63	220.447	28.239
531	96	64	218.53799999999998	32.285
532	96	65	218.2	28.16
533	96	66	221.96599999999998	22.084
534	96	67	224.74	31.243000000000002
535	96	69	217.81799999999998	12.892999999999999
536	96	70	210.77900000000002	9.002
537	96	71	209.895	11.341
538	103	45	236.359	539.889
539	103	46	239.243	541.805
540	103	47	250.59	554.462
541	103	48	264.987	554.979
542	103	49	275.883	563.531
543	103	50	285.028	562.947
544	103	51	296.218	562.1080000000001
545	103	52	304.03	571.112
546	103	53	311.495	573.158
547	103	54	314.809	580.126
548	103	55	313.585	592.7080000000001
549	103	56	311.334	595.654
550	103	57	326.358	593.7909999999999
551	103	58	326.29400000000004	600.654
552	103	59	331.619	610.17
553	103	60	334.376	603.257
554	103	61	329.403	600.507
555	103	62	336.407	600.065
556	103	63	327.118	604.985
557	103	64	320.192	597.369
558	103	65	319.347	592.762
559	103	66	313.308	591.639
560	103	67	315.565	592.881
561	103	68	304.789	585.105
562	103	69	299.242	586.503
563	103	70	297.07	594.2919999999999
564	103	71	296.472	595.7080000000001
565	103	72	305.187	593.755
566	103	73	301.492	597.132
567	103	74	302.634	593.221
568	103	75	292.606	583.675
569	103	76	282.21299999999997	575.626
570	103	77	275.32	570.005
571	103	78	283.401	570.997
572	103	79	278.219	573.12
573	103	80	274.459	571.9590000000001
574	103	81	281.161	575.141
575	103	82	283.413	572.545
576	103	83	282.413	576.6619999999999
577	103	84	280.694	588.361
578	103	85	282.032	598.1759999999999
579	103	86	277.061	582.945
580	103	87	283.111	569.27
581	103	88	276.735	580.306
582	103	89	259.575	598.1419999999999
583	103	90	240.94799999999998	605.794
584	103	91	226.333	604.344
585	103	92	214.521	616.992
586	103	93	230.123	630.248
587	103	94	224.273	643.769
588	103	95	203.47	647.932
589	103	96	193.925	654.327
590	105	46	252.78900000000002	56.847
591	105	47	251.674	63.62
592	105	49	246.729	60.54
593	105	50	234.738	55.586000000000006
594	105	51	239.088	47.723
595	105	55	235.801	47.836999999999996
596	105	56	238.767	53.169
597	105	57	230.731	48.091
598	105	58	225.745	50.18
599	105	60	226.592	60.958
600	105	61	228.88400000000001	47.37
601	105	65	212.595	36.326
602	105	66	227.253	29.005
603	105	67	230.46900000000002	34.387
604	105	68	230.885	38.53
605	105	69	220.907	19.034000000000002
606	105	71	220.35	0.0
607	105	72	229.45	0.0
608	105	73	227.847	5.403
609	105	74	208.725	9.174
610	105	75	202.52700000000002	11.623
611	105	76	200.2	0.0
612	105	77	192.4	0.0
613	105	78	189.984	2.577
614	105	79	192.4	0.0
615	105	80	189.8	0.0
616	105	81	182.0	0.0
617	105	82	180.05	0.0
618	105	83	177.45	0.0
619	105	84	183.95	0.0
620	105	85	189.15	0.0
621	105	86	191.1	0.0
622	105	87	189.648	11.104000000000001
623	105	88	190.274	6.206
624	105	89	194.1	10.219
625	105	90	185.9	0.0
626	105	93	170.3	0.0
627	105	94	174.85	0.0
628	109	49	279.5	319.15
629	109	50	281.629	315.735
630	109	51	288.91700000000003	306.995
631	109	52	289.106	299.657
632	109	53	296.865	299.184
633	109	54	297.98	301.815
634	109	55	292.567	296.652
635	109	56	286.481	295.61400000000003
636	109	57	287.691	297.623
637	109	58	283.902	297.17
638	109	59	263.621	283.245
639	109	60	257.339	283.329
640	109	62	264.184	303.39
641	109	63	268.216	311.95099999999996
642	109	64	266.569	316.615
643	109	65	250.525	312.697
644	109	66	248.42	309.586
645	109	67	245.642	308.153
646	109	68	246.16	310.825
647	109	69	252.56	320.736
648	109	70	253.17	318.65
649	109	71	251.204	311.355
650	109	72	252.699	311.26
651	109	73	251.84900000000002	311.155
652	109	74	250.988	309.6
653	109	75	252.333	307.13599999999997
654	109	76	252.044	308.499
655	109	77	251.72	307.698
656	109	78	253.097	304.582
657	109	79	252.725	305.095
658	109	80	253.40200000000002	304.449
659	109	81	255.765	304.76099999999997
660	109	82	255.032	309.777
661	109	83	251.459	303.161
662	109	84	250.521	300.307
663	109	85	249.053	301.813
664	109	86	246.49	309.026
665	119	60	59.287	256.185
666	119	61	45.228	257.086
667	119	66	51.24	261.619
668	119	67	35.8	246.928
669	119	68	25.531	231.185
670	119	72	6.815	223.708
671	119	73	0.0	222.95
672	119	74	0.0	221.65
673	119	75	0.0	221.65
674	119	76	7.635	227.44099999999997
675	119	77	9.767000000000001	224.424
676	119	78	18.577	230.935
677	119	79	11.968	230.954
678	119	80	9.299	226.326
679	119	83	24.996	240.75799999999998
680	119	84	19.515	241.207
681	119	85	24.699	242.907
682	119	86	10.465	224.53599999999997
683	119	87	8.318999999999999	223.968
684	119	88	0.0	219.7
685	119	89	0.0	240.5
686	119	90	0.0	241.15
687	119	92	3.792	248.825
688	119	93	14.044	254.49200000000002
689	119	94	24.465999999999998	249.56
690	119	95	11.405999999999999	256.651
691	128	68	400.4	0.0
692	128	69	401.05	0.0
693	128	70	399.74699999999996	11.435
694	128	71	420.999	13.030999999999999
695	128	72	438.233	16.174
696	128	73	439.533	27.329
697	128	74	444.345	42.847
698	128	75	437.287	45.196000000000005
699	128	76	458.915	35.958
700	128	77	458.389	17.462
701	128	78	455.435	1.138
702	128	79	455.074	9.443
703	128	80	469.3	0.0
704	128	81	476.444	3.582
705	128	82	490.1	0.0
706	128	84	503.1	0.0
707	128	85	490.1	0.0
708	128	86	481.65	0.0
709	128	87	486.19800000000004	1.298
710	128	88	492.212	12.936
711	128	89	492.05	0.0
712	128	90	504.417	7.676
713	128	91	507.759	23.603
714	128	92	495.908	21.108
715	128	93	508.509	9.207
716	128	94	506.162	20.826
717	128	95	489.17199999999997	21.51
718	128	96	477.694	9.131
719	129	68	267.445	42.213
720	129	69	272.536	47.282
721	129	70	262.144	37.226
722	129	71	252.308	32.795
723	129	72	250.498	23.381999999999998
724	129	73	247.805	26.156
725	129	74	256.033	26.899
726	129	75	260.38599999999997	26.566
727	129	76	262.5	26.23
728	129	77	254.88400000000001	23.090999999999998
729	129	78	245.7	0.0
730	129	79	249.6	0.0
731	129	80	235.3	0.0
732	129	81	233.327	7.218999999999999
733	129	82	224.11599999999999	13.495
734	129	83	229.611	33.580999999999996
735	129	84	234.674	34.383
736	129	85	233.59	35.942
737	129	86	231.578	38.189
738	129	87	238.145	40.215
739	129	88	232.975	38.652
740	129	89	231.63299999999998	38.099000000000004
741	129	90	232.11	38.918
742	129	91	233.195	35.349000000000004
743	129	93	248.86700000000002	45.59
744	129	94	242.377	44.406000000000006
745	129	95	247.268	43.053999999999995
746	129	96	248.206	38.368
747	133	68	594.866	250.674
748	133	69	598.9490000000001	260.473
749	133	70	602.424	261.743
750	133	71	602.556	256.70099999999996
751	133	72	603.9590000000001	265.31
752	133	73	609.0269999999999	261.79400000000004
753	133	74	607.06	267.733
754	133	75	607.691	267.086
755	133	76	596.388	267.74
756	133	77	604.88	277.334
757	133	78	608.23	276.623
758	133	81	609.84	265.314
759	133	82	610.009	262.55
760	133	83	602.934	253.59
761	133	84	586.931	245.69799999999998
762	133	85	567.3380000000001	243.15900000000002
763	133	86	563.129	248.283
764	133	87	565.215	247.925
765	133	88	565.278	247.43400000000003
766	133	89	564.797	243.52
767	133	90	564.112	244.87900000000002
768	133	91	571.097	248.726
769	133	92	573.297	249.53799999999998
770	133	93	577.446	233.487
771	133	94	583.5459999999999	229.99599999999998
772	137	70	498.78	440.664
773	137	71	490.49300000000005	445.44
774	137	72	493.36400000000003	435.171
775	137	73	502.07199999999995	428.673
776	137	74	515.4590000000001	428.67199999999997
777	137	75	522.429	433.048
778	137	76	539.8380000000001	441.314
779	137	77	547.132	445.657
780	137	78	547.369	444.534
781	137	79	544.686	439.983
782	137	80	542.5169999999999	438.159
783	137	81	539.91	436.68199999999996
784	137	82	541.856	439.305
785	137	83	540.7719999999999	438.72900000000004
786	137	84	541.382	437.033
787	137	85	539.681	436.784
788	137	86	531.137	433.912
789	137	87	522.1	428.786
790	137	88	535.556	433.599
791	137	89	547.25	437.881
792	137	90	545.0830000000001	439.575
793	137	91	540.15	438.944
794	137	92	543.981	437.777
795	137	93	543.485	436.37300000000005
796	137	94	540.69	435.464
797	137	95	540.539	436.835
798	137	96	541.007	437.881
799	145	74	38.068000000000005	126.046
800	145	75	29.724	128.92700000000002
801	145	76	28.934	132.218
802	145	77	30.539	131.167
803	145	78	34.472	122.74799999999999
804	145	79	44.394	129.96
805	145	80	50.943000000000005	133.168
806	145	81	51.07899999999999	127.156
807	145	85	72.304	126.425
808	145	86	82.446	109.831
809	145	87	78.385	100.126
810	145	88	76.687	98.23700000000001
811	145	89	85.325	97.46700000000001
812	145	90	79.637	100.971
813	145	91	83.085	108.09700000000001
814	145	92	88.266	95.008
815	145	93	68.78	88.411
816	145	94	61.976000000000006	93.84200000000001
817	145	95	73.419	85.51899999999999
818	145	96	79.01899999999999	92.96799999999999
