     TRACK_ID  FRAME  POSITION_X  POSITION_Y
0           0      0     648.596      58.533
1           0      1     646.641      56.007
2           0      2     648.838      57.992
3           0      3     648.060      59.928
4           0      4     646.919      59.509
5           0      5     646.473      54.101
6           0      6     645.419      53.646
7           0      7     650.713      71.639
8           0      8     657.824      73.641
9           0      9     661.847      74.183
10          0     10     659.105      75.409
11          0     11     660.113      73.927
12          0     12     653.740      69.735
13          0     13     655.052      67.376
14          0     14     655.493      61.992
15          0     15     654.782      63.842
16          0     16     656.735      60.891
17          0     17     657.553      59.009
18          0     18     664.950      53.950
19          0     19     664.950      52.650
20          0     20     664.950      53.300
21          0     21     664.950      51.350
22          0     25     664.950      51.350
23          0     26     664.950      50.700
24          7      0     391.983     239.994
25          7      1     393.276     242.600
26          7      2     397.113     248.454
27          7      3     392.739     247.378
28          7      4     393.845     245.106
29          7      5     396.194     245.307
30          7      6     394.467     245.426
31          7      7     395.918     243.421
32          7      8     399.723     241.753
33          7      9     394.188     242.867
34          7     10     400.734     242.394
35          7     11     404.843     237.047
36          7     12     404.303     237.732
37          7     13     407.535     242.134
38          7     14     405.134     245.889
39          7     15     401.692     240.852
40          7     16     402.593     241.270
41          7     17     410.628     239.325
42          7     18     409.592     239.094
43          7     19     410.380     240.698
44          7     20     409.189     241.675
45          7     21     408.599     240.526
46          7     22     410.273     240.434
47          7     23     405.784     247.688
48          7     24     411.798     241.133
49          7     25     411.699     241.790
50          7     26     413.321     241.041
51          7     27     410.515     241.632
52          7     28     408.529     245.269
53          7     29     408.556     245.072
54          7     30     410.386     241.695
55          7     31     412.360     241.592
56          7     32     414.160     243.438
57          7     33     412.255     242.488
58          7     34     413.394     240.296
59          7     35     413.033     240.147
60          7     36     412.166     240.084
61          7     37     413.304     239.519
62          7     38     415.074     239.910
63          7     39     412.430     240.489
64          7     40     412.033     240.760
65          7     41     411.403     239.711
66          7     42     408.011     237.816
67          7     43     409.304     238.350
68          7     44     405.585     243.511
69          7     45     405.390     242.967
70          7     46     408.181     242.533
71          7     47     409.228     243.206
72          7     48     408.575     241.688
73          7     49     409.974     242.061
74          7     50     409.271     240.953
75          7     51     404.393     246.870
76          7     52     405.168     249.037
77          7     53     404.407     249.352
78          7     54     403.112     245.298
79          7     55     405.640     246.849
80          7     56     403.145     246.745
81          7     57     408.718     237.448
82          7     58     409.112     233.719
83          7     61     399.762     228.032
84          7     62     414.555     229.211
85          7     63     417.504     228.113
86          7     64     418.703     228.429
87          7     65     416.660     232.301
88          7     66     414.834     229.964
89          7     67     415.815     228.133
90          7     68     414.261     226.874
91          7     69     412.591     229.215
92          7     70     416.703     225.126
93          7     71     415.954     224.254
94          7     72     415.404     218.396
95          7     73     413.970     220.704
96          7     74     420.081     224.212
97          7     75     421.943     227.384
98          7     76     424.308     220.602
99          7     77     421.180     219.405
100         7     78     419.785     214.923
101         7     79     422.983     220.549
102         7     80     421.737     216.654
103         7     81     418.050     219.365
104         7     82     417.518     218.207
105         7     83     416.546     215.252
106         7     84     418.326     218.002
107         7     85     416.554     216.856
108         7     86     416.184     218.434
109         7     87     418.336     218.507
110         7     88     419.661     216.288
111         7     89     416.205     221.105
112         7     90     417.068     221.604
113         7     91     416.716     229.133
114         7     92     417.151     229.155
115         7     93     419.523     229.452
116         7     94     414.876     228.594
117         7     95     415.063     228.110
118         7     96     414.678     228.191
119        18      0     233.773     532.802
120        18      1     233.901     531.346
121        18      2     222.261     527.797
122        18      3     231.594     513.032
123        18      4     232.592     515.298
124        18      5     229.278     521.506
125        18      6     228.739     527.815
126        18      7     219.237     519.238
127        18      8     216.918     521.390
128        18      9     215.468     521.536
129        18     10     216.171     518.344
130        18     11     215.638     521.011
131        18     12     216.225     519.628
132        18     13     217.910     520.214
133        18     14     218.775     519.812
134        18     15     218.665     521.238
135        18     16     220.249     520.676
136        18     17     218.625     519.428
137        18     18     219.040     522.106
138        18     19     218.819     522.556
139        18     20     219.279     524.266
140        18     21     219.388     522.276
141        18     22     218.457     519.902
142        18     23     219.919     521.385
143        18     24     218.792     522.888
144        18     25     220.027     522.301
145        18     26     220.707     523.627
146        18     27     220.228     519.641
147        18     28     220.106     520.299
148        18     29     221.303     519.271
149        18     30     222.417     518.281
150        18     31     221.740     518.694
151        18     32     221.863     519.098
152        18     33     221.964     519.279
153        18     34     221.690     518.937
154        18     35     222.357     518.003
155        18     36     221.822     517.887
156        18     37     221.526     519.296
157        18     38     220.786     519.878
158        18     39     221.595     518.739
159        18     40     222.395     518.617
160        18     41     222.732     519.190
161        18     42     222.439     517.176
162        18     43     224.173     515.555
163        18     44     222.664     516.573
164        18     45     220.919     518.292
165        18     46     220.844     518.649
166        18     47     220.311     520.564
167        18     48     221.551     520.219
168        18     49     221.453     520.248
169        18     50     222.041     519.528
170        18     51     223.659     514.670
171        18     52     224.070     514.415
172        18     53     222.934     515.301
173        18     54     224.009     514.637
174        18     55     224.298     516.660
175        18     56     224.941     516.358
176        18     57     224.585     516.817
177        18     58     223.581     516.064
178        18     59     223.725     517.447
179        18     60     223.325     516.476
180        18     61     222.995     517.493
181        18     62     223.939     518.782
182        18     63     223.297     516.535
183        18     64     223.745     518.034
184        18     65     223.660     517.913
185        18     66     223.786     517.264
186        18     67     223.574     517.847
187        18     68     223.720     517.748
188        18     69     223.054     517.926
189        18     70     222.854     519.684
190        18     71     223.088     519.096
191        18     72     223.026     518.758
192        18     73     222.897     519.178
193        18     74     222.537     519.821
194        18     75     222.491     520.493
195        18     76     222.726     518.825
196        18     77     223.751     519.697
197        18     78     223.652     518.127
198        18     79     222.483     518.780
199        18     80     223.168     518.085
200        18     81     221.597     520.049
201        18     82     221.384     520.633
202        18     83     222.369     519.657
203        18     84     224.038     517.715
204        18     85     222.819     517.878
205        18     86     223.212     517.843
206        18     87     224.405     519.203
207        18     88     223.762     518.943
208        18     89     221.568     519.535
209        18     90     222.088     519.342
210        18     91     223.990     519.310
211        18     92     222.320     517.689
212        18     93     221.876     517.777
213        18     94     221.511     518.348
214        18     95     222.066     518.765
215        18     96     222.765     518.039
216        19      0     438.878     551.311
217        19      1     436.451     550.871
218        19      2     437.540     553.653
219        19      3     441.638     555.131
220        19      4     443.751     554.498
221        19      5     446.995     553.333
222        19      6     441.882     550.609
223        19      7     444.540     551.157
224        19      8     437.630     547.894
225        19      9     433.705     545.223
226        19     10     440.187     550.062
227        19     11     438.396     549.418
228        19     12     444.959     552.568
229        19     13     438.444     550.524
230        19     14     441.179     552.866
231        19     15     451.289     560.347
232        19     16     448.103     562.846
233        19     17     447.164     557.987
234        19     18     448.012     547.440
235        19     19     450.264     544.987
236        19     20     445.833     542.238
237        19     21     445.023     540.247
238        19     22     435.155     536.216
239        19     23     429.329     532.687
240        19     24     428.743     534.413
241        19     25     428.587     533.873
242        19     26     429.792     543.712
243        19     27     429.028     543.871
244        19     28     426.859     543.995
245        19     29     419.149     541.369
246        19     30     420.860     542.292
247        21      0      28.411     608.732
248        21      1      29.597     610.459
249        21      2      30.963     613.081
250        21      3      30.337     610.777
251        21      4      26.184     605.181
252        21      5      24.452     602.077
253        21      6      27.363     603.991
254        21      7      28.465     603.706
255        21      8      26.915     601.397
256        21      9      25.781     601.139
257        21     10      24.611     599.659
258        21     11      24.664     598.514
259        21     12      25.035     597.920
260        21     13      25.529     598.519
261        21     14      24.381     589.721
262        21     15      26.155     581.002
263        21     16      28.366     575.776
264        21     17      29.241     573.239
265        21     18      29.862     572.526
266        21     19      28.885     573.561
267        21     20      28.650     573.501
268        21     21      28.238     574.516
269        21     22      28.162     573.868
270        21     23      27.880     573.570
271        21     24      27.738     573.476
272        21     25      27.832     573.319
273        21     26      27.896     573.036
274        21     27      27.784     573.726
275        21     28      27.688     573.546
276        21     29      27.683     574.295
277        21     30      27.614     574.062
278        21     31      27.520     574.250
279        21     32      27.365     574.468
280        21     33      27.518     574.036
281        21     34      27.545     574.029
282        21     35      27.579     574.295
283        21     36      27.417     573.963
284        21     37      27.724     573.948
285        21     38      27.800     573.957
286        21     39      27.846     573.359
287        21     40      27.867     573.725
288        21     41      28.298     573.795
289        21     42      28.564     573.739
290        21     43      28.846     573.452
291        21     44      28.620     573.552
292        21     45      28.759     573.399
293        21     46      28.780     573.565
294        21     47      28.741     573.317
295        21     48      28.657     573.868
296        21     49      28.925     573.500
297        21     50      29.043     573.183
298        21     51      29.003     573.164
299        21     52      28.932     573.186
300        21     53      28.983     573.509
301        21     54      29.041     573.095
302        21     55      28.918     573.047
303        21     56      29.170     573.570
304        21     57      29.358     573.656
305        21     58      29.268     573.698
306        21     59      29.283     573.837
307        21     60      29.582     573.758
308        21     61      29.369     573.893
309        21     62      29.459     573.851
310        21     63      29.622     573.560
311        21     64      29.476     573.565
312        21     65      29.510     573.843
313        21     66      29.413     573.533
314        21     67      29.479     573.711
315        21     68      29.618     573.426
316        21     69      29.716     573.371
317        21     70      29.698     573.685
318        21     71      29.815     572.585
319        21     72      29.699     573.184
320        21     73      29.841     572.900
321        21     74      29.788     573.054
322        21     75      29.811     573.213
323        21     76      29.782     572.847
324        21     77      29.700     573.532
325        21     78      29.956     572.701
326        21     79      29.735     572.912
327        21     80      29.857     572.710
328        21     81      29.837     572.807
329        21     82      29.714     572.875
330        21     83      29.921     572.674
331        21     84      29.847     572.192
332        21     85      29.883     572.577
333        21     86      29.770     572.648
334        21     87      29.923     572.621
335        21     88      29.992     572.648
336        21     89      28.243     574.541
337        21     90      26.062     577.029
338        21     91      26.268     577.059
339        21     92      25.468     578.334
340        21     93      23.938     579.735
341        21     94      23.610     581.117
342        21     95      23.842     580.722
343        21     96      24.470     579.982
344        23      0     653.160      48.971
345        23      1     654.111      51.826
346        23      2     653.888      55.661
347        23      3     654.736      57.366
348        23      4     654.153      57.303
349        23      5     652.670      52.795
350        23      6     652.829      52.932
351        23      7     658.863      67.101
352        23      8     664.950      66.300
353        23      9     664.950      72.800
354        23     10     664.950      67.600
355        23     11     664.950      72.150
356        23     12     664.950      67.600
357        23     16     664.950      65.650
358        23     17     664.950      64.350
359        23     19     664.950      61.100
360        23     20     664.950      61.750
361        23     21     664.950      59.800
362        23     23     664.950      61.100
363        23     24     664.950      61.750
364        23     25     664.950      64.350
365        26      6     198.002     107.190
366        26      7     203.536     108.520
367        26      8     212.646     107.350
368        26      9     213.658     119.838
369        26     10     212.646     126.194
370        26     11     222.188     133.092
371        26     12     228.663     130.220
372        26     13     221.203     142.131
373        26     14     218.423     153.956
374        26     15     211.681     162.598
375        26     16     212.494     156.582
376        26     17     212.001     158.017
377        26     18     202.423     141.040
378        26     19     200.060     137.720
379        26     20     189.948     128.185
380        26     21     188.344     130.507
381        26     22     192.757     131.955
382        26     23     200.268     125.786
383        26     24     193.596     119.277
384        26     25     173.080     111.273
385        26     26     172.096     103.750
386        26     27     173.820      95.263
387        26     28     175.072      88.129
388        26     29     193.363      85.025
389        26     30     197.074      94.043
390        26     31     198.252     102.413
391        26     32     202.264      98.638
392        26     33     190.032     100.460
393        26     34     191.195      98.020
394        26     35     198.619      95.076
395        26     36     191.683      98.483
396        26     37     192.311      98.113
397        26     38     198.575      94.121
398        26     39     194.164      97.071
399        26     40     198.434      93.453
400        26     41     193.598      99.141
401        26     42     189.265     104.404
402        26     43     177.796     103.764
403        26     44     180.807     106.393
404        26     45     160.664     114.585
405        26     46     148.377     114.634
406        26     47     146.275     114.045
407        26     48     152.917     119.364
408        29      8      24.329     590.954
409        29      9      24.505     589.412
410        29     10      24.652     587.901
411        29     11      25.046     586.397
412        29     12      25.714     586.565
413        29     13      28.552     587.392
414        29     14      30.685     581.446
415        29     15      33.739     575.916
416        29     16      37.580     572.271
417        29     17      39.594     570.826
418        29     18      39.502     570.598
419        29     19      39.210     571.301
420        29     20      40.129     571.004
421        29     21      40.603     571.045
422        29     22      40.905     570.574
423        29     23      40.989     570.373
424        29     24      41.015     570.440
425        29     25      41.366     570.395
426        29     26      41.542     570.241
427        29     27      41.526     570.716
428        29     28      41.491     570.357
429        29     29      41.455     570.737
430        29     30      41.346     570.467
431        29     31      41.343     570.842
432        29     32      41.258     571.054
433        29     33      41.384     570.702
434        29     34      41.483     570.599
435        29     35      41.525     570.899
436        29     36      41.334     570.614
437        29     37      41.740     570.500
438        29     38      41.845     570.685
439        29     39      41.905     570.001
440        29     40      41.937     570.507
441        29     41      41.788     570.642
442        29     42      41.962     570.306
443        29     43      42.177     570.088
444        29     44      41.900     570.261
445        29     45      42.128     569.968
446        29     46      42.097     570.287
447        29     47      42.071     570.128
448        29     48      41.966     570.547
449        29     49      42.148     570.301
450        29     50      42.366     569.873
451        29     51      42.390     570.039
452        29     52      42.225     570.383
453        29     53      42.347     570.720
454        29     54      42.472     570.369
455        29     55      42.307     570.482
456        29     56      42.510     570.785
457        29     57      42.627     570.999
458        29     58      42.567     570.894
459        29     59      42.647     571.041
460        29     60      42.813     571.112
461        29     61      42.657     571.191
462        29     62      42.774     571.124
463        29     63      42.913     570.987
464        29     64      42.811     571.055
465        29     65      42.810     571.465
466        29     66      42.687     571.363
467        29     67      42.803     571.392
468        29     68      42.905     571.015
469        29     69      42.911     571.012
470        29     70      43.020     571.268
471        29     71      43.060     570.368
472        29     72      42.917     570.999
473        29     73      43.118     570.783
474        29     74      42.912     570.895
475        29     75      43.026     570.933
476        29     76      43.037     570.615
477        29     77      42.904     571.279
478        29     78      43.156     570.605
479        29     79      42.992     570.788
480        29     80      42.939     570.766
481        29     81      43.092     570.810
482        29     82      42.842     570.943
483        29     83      43.102     570.783
484        29     84      43.094     570.282
485        29     85      43.030     570.685
486        29     86      42.964     570.827
487        29     87      43.134     570.807
488        29     88      42.990     570.690
489        29     89      41.141     571.608
490        29     90      38.360     573.106
491        29     91      38.756     573.201
492        29     92      37.544     573.320
493        29     93      35.880     574.195
494        29     94      35.024     575.316
495        29     95      35.392     574.768
496        29     96      36.017     574.210
497        32      7     638.368     137.469
498        32      8     636.098     137.107
499        32      9     635.586     131.233
500        32     10     637.020     121.899
501        32     11     637.185     124.904
502        32     12     635.620     130.668
503        32     13     635.261     133.134
504        32     14     634.103     131.535
505        32     15     628.993     130.966
506        32     16     626.796     131.030
507        32     17     624.298     133.095
508        32     18     619.067     130.684
509        32     19     616.353     126.872
510        32     20     617.353     120.044
511        32     21     614.676     120.136
512        32     22     615.539     117.685
513        32     23     617.817     119.156
514        32     24     617.512     117.896
515        32     25     616.354     115.466
516        32     26     617.888     117.841
517        32     27     616.270     119.306
518        32     28     616.491     115.959
519        32     29     617.005     117.558
520        32     30     617.413     119.112
521        32     31     616.901     121.513
522        32     32     615.963     119.350
523        32     33     616.491     118.329
524        32     34     615.655     117.629
525        32     35     615.623     118.077
526        32     36     614.835     117.669
527        32     37     612.605     113.782
528        32     38     611.955     109.787
529        32     39     610.131     114.059
530        32     40     612.504     115.420
531        32     41     612.336     117.415
532        32     42     612.369     115.423
533        32     43     611.293     113.759
534        32     44     609.658     113.768
535        32     45     611.208     116.154
536        32     46     612.521     117.182
537        32     47     613.857     117.628
538        32     48     613.851     116.382
539        32     49     613.514     116.113
540        32     50     614.782     115.835
541        32     51     612.886     119.270
542        32     52     613.161     119.376
543        32     53     612.670     117.735
544        32     54     613.567     116.801
545        32     55     613.650     116.455
546        32     56     614.269     117.240
547        32     57     614.196     118.621
548        32     58     614.392     118.295
549        32     59     612.848     118.504
550        32     60     613.918     119.265
551        32     61     611.303     118.119
552        32     62     610.984     121.398
553        32     63     610.904     119.656
554        32     64     614.018     120.046
555        32     65     610.794     119.453
556        32     66     612.935     119.600
557        32     67     613.526     119.404
558        32     68     611.556     119.195
559        32     69     612.843     120.208
560        32     70     612.136     120.766
561        32     71     614.179     119.462
562        32     72     614.038     120.719
563        32     73     613.692     118.695
564        32     74     612.332     119.681
565        32     75     611.908     125.995
566        32     76     611.390     120.270
567        32     77     611.641     122.491
568        32     78     612.569     121.586
569        32     79     612.932     122.024
570        32     80     613.436     121.417
571        32     81     614.370     122.711
572        32     82     614.033     123.206
573        32     83     615.496     122.809
574        32     84     614.801     122.438
575        32     85     615.452     121.261
576        32     86     615.621     121.112
577        32     87     616.004     121.748
578        32     88     613.729     122.887
579        32     89     615.284     122.185
580        32     90     612.773     122.751
581        32     91     612.506     123.963
582        32     92     613.954     124.197
583        32     93     612.424     126.094
584        32     94     611.007     124.186
585        32     95     609.391     124.670
586        32     96     608.799     123.977
587        37     15     109.813     458.979
588        37     16      98.197     457.409
589        37     17     103.528     454.621
590        37     18     111.043     451.306
591        37     19     115.444     460.846
592        37     20     113.894     459.420
593        37     21     117.893     450.213
594        37     22     125.016     455.576
595        37     23     137.775     457.648
596        37     24     129.886     444.564
597        37     25     127.245     439.342
598        37     26     128.626     432.970
599        37     27     123.526     420.251
600        37     28     121.420     413.971
601        37     29     125.834     408.487
602        37     30     126.905     405.731
603        37     31     124.213     398.364
604        37     32     126.340     399.907
605        37     33     129.471     402.385
606        37     34     139.130     390.874
607        37     35     141.862     392.861
608        37     36     138.203     391.314
609        37     37     135.411     388.205
610        37     38     135.469     378.144
611        37     39     141.098     374.813
612        37     40     145.054     371.731
613        37     41     147.374     368.821
614        37     42     156.955     353.654
615        37     43     149.056     353.098
616        37     44     155.864     356.221
617        37     45     154.464     354.123
618        37     46     166.802     341.591
619        37     47     177.055     337.315
620        37     48     176.159     332.540
621        37     49     171.475     327.723
622        37     50     171.738     336.023
623        37     51     164.970     337.653
624        37     52     162.047     334.985
625        37     53     171.847     334.612
626        37     54     171.262     340.353
627        37     55     176.146     345.519
628        37     56     185.748     346.351
629        37     57     187.304     350.571
630        37     58     186.956     350.874
631        37     59     185.087     341.603
632        37     60     189.532     343.908
633        37     61     197.816     347.746
634        40     19       0.000     630.500
635        40     20       0.000     629.850
636        40     21       0.000     633.100
637        40     22       5.024     633.384
638        40     23       9.200     637.167
639        40     24      15.003     631.547
640        40     25      18.417     626.493
641        40     26      15.708     630.341
642        40     27      19.978     630.028
643        40     28      18.404     631.600
644        40     29      19.195     631.585
645        40     30      15.101     629.132
646        40     31       9.441     628.009
647        40     32       5.926     617.328
648        40     33       3.891     616.159
649        40     34       6.588     619.293
650        40     35       5.680     619.027
651        40     36       5.680     622.574
652        40     37      15.023     625.671
653        40     38      17.775     618.270
654        40     39      19.609     619.540
655        40     40      23.074     611.453
656        40     41      26.023     609.229
657        40     42      16.102     602.527
658        40     43      18.452     603.899
659        40     44      12.685     600.985
660        40     45      11.116     599.349
661        40     46       6.977     607.916
662        40     47       8.137     600.096
663        40     48       8.114     598.581
664        40     49       0.000     598.000
665        40     50       0.000     603.200
666        43     22     305.512     487.465
667        43     23     296.630     482.341
668        43     24     297.417     482.114
669        43     25     299.699     478.751
670        43     26     303.888     479.815
671        43     27     304.560     478.859
672        43     28     306.693     480.961
673        43     29     312.600     485.441
674        43     30     303.624     481.486
675        43     31     306.166     489.147
676        43     32     312.336     495.354
677        43     33     294.611     504.284
678        43     34     284.169     507.442
679        43     35     295.294     501.558
680        43     36     291.493     499.849
681        43     37     292.671     497.656
682        43     38     291.068     500.255
683        43     39     285.240     493.394
684        43     40     282.678     489.253
685        43     41     275.445     489.991
686        43     42     274.406     483.268
687        43     43     273.815     487.213
688        43     44     273.617     493.802
689        43     45     273.942     488.549
690        43     46     275.154     491.677
691        43     47     276.201     491.357
692        43     48     275.491     489.720
693        43     49     276.083     491.984
694        43     50     270.227     490.667
695        43     51     266.740     496.635
696        43     52     268.820     498.314
697        43     53     266.832     501.268
698        43     54     270.686     501.395
699        43     55     268.484     499.798
700        43     56     271.330     499.136
701        43     57     268.132     499.627
702        43     58     268.209     505.289
703        43     59     266.221     507.202
704        43     60     263.502     507.749
705        43     61     264.408     508.077
706        43     62     266.191     511.234
707        43     63     269.930     509.610
708        43     64     265.209     507.524
709        43     65     266.254     507.914
710        43     66     269.068     508.244
711        43     67     264.824     507.889
712        43     68     265.776     509.434
713        43     69     266.230     508.454
714        43     70     264.750     507.218
715        43     71     265.938     505.375
716        43     72     263.130     505.143
717        43     73     263.073     507.546
718        43     74     263.387     508.929
719        43     75     264.743     512.504
720        43     76     267.381     509.682
721        43     77     266.042     510.787
722        43     78     261.805     506.435
723        43     79     266.100     508.815
724        43     80     268.156     516.739
725        43     81     265.254     507.789
726        43     82     265.173     513.349
727        43     83     262.985     505.635
728        43     84     250.078     508.074
729        43     85     255.057     506.432
730        43     86     257.060     508.247
731        43     87     257.050     504.435
732        43     88     255.091     500.688
733        43     89     250.280     495.860
734        43     90     251.211     497.951
735        43     91     253.611     497.847
736        43     92     245.548     492.479
737        43     93     241.985     499.903
738        43     94     241.481     503.456
739        43     95     235.602     498.789
740        43     96     237.587     498.766
741        47     32     397.914     252.477
742        47     33     396.392     245.205
743        47     34     400.346     245.733
744        47     35     399.128     246.605
745        47     36     396.371     239.386
746        47     37     399.324     244.291
747        47     38     399.374     243.199
748        47     39     396.496     240.862
749        47     40     395.920     241.474
750        47     41     398.564     244.205
751        47     42     394.363     242.606
752        47     43     392.794     240.873
753        47     44     393.121     240.457
754        47     45     391.323     250.537
755        47     46     393.038     249.469
756        47     47     394.032     248.586
757        47     48     393.006     247.219
758        47     49     393.525     246.689
759        47     50     393.546     243.227
760        47     51     389.860     254.781
761        47     52     390.198     254.587
762        47     53     393.550     262.143
763        47     54     392.730     257.617
764        47     55     396.820     261.301
765        47     56     399.451     263.366
766        47     57     401.519     249.696
767        47     58     401.089     247.155
768        47     59     398.800     240.976
769        47     60     397.138     243.301
770        47     61     399.349     236.690
771        53     45     371.113     493.452
772        53     46     372.978     489.716
773        53     47     379.326     496.532
774        53     48     382.218     520.847
775        53     49     386.370     527.677
776        53     50     389.953     535.960
777        53     51     395.484     530.203
778        53     52     403.599     531.771
779        53     53     386.204     538.444
780        53     54     394.159     532.839
781        53     55     396.979     532.572
782        53     56     391.771     531.789
783        53     57     395.788     533.577
784        53     58     392.990     533.100
785        53     59     396.318     532.715
786        53     60     391.040     533.876
787        53     61     381.287     533.992
788        53     62     374.105     529.309
789        53     63     364.312     551.785
790        53     64     373.532     532.842
791        53     65     375.899     535.424
792        53     66     378.768     532.503
793        53     67     370.747     529.374
794        53     68     382.237     524.933
795        53     69     378.619     517.533
796        53     70     371.204     516.024
797        56     56       5.220     600.358
798        56     57      14.720     610.063
799        56     58      14.314     609.975
800        56     59      13.681     612.380
801        56     60       5.768     606.454
802        56     61       0.000     615.550
803        56     65       0.000     620.100
804        56     66       0.000     616.850
805        56     67       4.927     616.022
806        56     68      19.453     620.662
807        56     69      37.206     622.268
808        56     70      41.887     621.775
809        56     71      42.238     620.855
810        56     72      47.193     620.867
811        56     73      46.469     625.622
812        56     74      48.969     622.636
813        56     75      47.731     627.783
814        56     76      47.059     625.613
815        56     77      52.506     634.692
816        56     78      37.084     633.590
817        56     79      35.585     630.134
818        56     80      35.880     634.420
819        56     81      35.264     630.175
820        56     82      40.854     628.733
821        56     83      36.493     627.864
822        56     84      33.549     622.477
823        56     85      37.922     628.263
824        56     86      40.282     630.580
825        56     87      44.802     632.887
826        56     88      43.295     634.393
827        56     89      49.524     633.191
828        56     90      53.360     629.466
829        56     91      54.700     628.035
830        56     92      47.423     627.009
831        56     93      46.208     627.896
832        56     94      46.537     628.451
833        56     95      44.427     620.657
834        56     96      49.099     615.959
835        59     62      94.221     130.120
836        59     63      93.318     118.397
837        59     64      96.706     121.704
838        59     65      93.729     119.446
839        59     66      91.040     120.200
840        59     67     100.471     126.124
841        59     68     104.021     134.595
842        59     69      93.738     144.044
843        59     70      95.583     134.765
844        59     71      97.377     145.727
845        59     72      99.637     140.153
846        59     73     104.022     148.325
847        59     74     110.235     156.579
848        59     75     105.946     152.706
849        59     76     101.836     145.875
850        59     77     100.809     136.096
851        59     78      95.803     139.235
852        59     79      91.252     151.288
853        59     80      89.842     148.412
854        59     81      82.868     152.045
855        59     82      88.515     146.771
856        59     83      89.486     137.543
857        59     84      90.299     141.728
858        59     85      90.189     144.433
859        59     86      81.188     149.412
860        59     87      90.011     151.148
861        59     88      87.812     158.018
862        59     89      86.584     155.007
863        59     90      84.084     153.826
864        59     91      91.169     154.731
865        59     92      90.304     153.618
866        59     93      85.577     153.728
867        59     94      94.393     157.092
868        59     95      87.400     152.771
869        59     96      85.043     157.693