	TRACK_ID	FRAME	POSITION_X	POSITION_Y
0	1	0	596.442	446.04900000000004
1	1	1	598.383	443.954
2	1	2	600.582	440.88300000000004
3	1	3	599.048	446.25300000000004
4	1	4	601.562	442.103
5	1	5	601.345	444.87
6	1	7	610.768	435.01199999999994
7	1	8	603.6990000000001	450.70599999999996
8	1	9	611.072	435.517
9	1	10	615.288	427.316
10	1	11	610.377	440.316
11	1	12	615.341	431.26800000000003
12	1	13	612.346	433.10400000000004
13	1	14	609.008	438.444
14	1	15	610.29	432.37
15	1	16	609.2669999999999	436.079
16	1	17	609.155	434.05300000000005
17	1	18	609.048	436.19199999999995
18	1	19	609.618	437.12300000000005
19	1	20	610.4259999999999	436.39599999999996
20	1	21	611.9159999999999	437.961
21	1	22	612.813	439.44599999999997
22	1	23	613.347	440.56300000000005
23	1	24	614.513	439.897
24	1	25	614.239	438.009
25	1	26	614.075	437.89599999999996
26	1	27	614.8380000000001	438.786
27	1	28	616.038	440.048
28	1	29	616.247	439.0
29	1	30	615.78	437.63300000000004
30	1	31	616.139	439.88699999999994
31	1	33	615.9630000000001	440.61699999999996
32	1	34	615.847	440.346
33	1	35	616.936	440.12800000000004
34	1	36	616.286	441.595
35	2	0	567.123	466.776
36	2	1	566.7719999999999	461.23
37	2	2	564.2090000000001	454.405
38	2	3	563.557	454.163
39	2	4	561.533	449.153
40	2	5	558.707	447.03
41	2	6	557.7	448.142
42	2	7	558.726	451.464
43	2	8	557.673	451.525
44	2	9	557.637	453.959
45	2	10	556.979	453.711
46	2	11	557.702	455.48900000000003
47	2	12	558.135	456.24800000000005
48	2	13	558.451	455.64599999999996
49	2	14	556.462	453.189
50	2	15	556.69	451.17
51	2	16	556.361	450.86199999999997
52	2	17	556.956	450.892
53	2	18	560.937	459.17699999999996
54	2	19	566.241	472.61699999999996
55	2	20	572.12	483.47900000000004
56	2	21	577.01	490.87
57	2	22	579.336	494.846
58	2	23	580.526	495.91900000000004
59	2	24	581.049	497.61699999999996
60	2	25	580.187	497.533
61	2	26	580.854	497.29
62	2	27	581.435	499.566
63	2	28	581.47	500.19
64	2	29	584.048	502.827
65	2	30	584.298	503.95599999999996
66	2	31	585.09	505.501
67	2	32	583.621	505.244
68	2	33	581.342	504.98
69	2	34	580.299	507.69300000000004
70	2	35	582.049	510.50300000000004
71	2	36	580.985	512.778
72	2	37	580.309	513.3969999999999
73	2	38	580.1419999999999	514.1990000000001
74	2	39	577.884	512.184
75	2	40	577.0980000000001	513.044
76	2	41	575.868	513.685
77	2	42	575.9	512.294
78	2	43	576.66	510.49
79	2	44	576.839	509.43300000000005
80	2	45	577.242	508.94699999999995
81	2	46	576.79	508.9
82	2	47	576.804	508.71
83	2	48	576.019	507.20099999999996
84	2	49	575.191	507.30300000000005
85	2	50	575.442	506.38199999999995
86	2	51	575.513	505.80300000000005
87	2	52	574.578	507.126
88	2	53	575.33	504.41900000000004
89	2	54	574.702	504.70099999999996
90	5	0	516.319	482.89
91	5	1	515.969	482.778
92	5	2	516.367	482.19599999999997
93	5	3	515.975	483.246
94	5	4	516.688	483.006
95	5	5	515.906	483.48900000000003
96	5	6	515.479	482.73
97	5	7	517.168	483.407
98	5	8	516.8580000000001	482.845
99	5	9	516.143	481.98699999999997
100	5	10	516.1759999999999	482.515
101	5	11	516.246	483.577
102	5	12	516.2180000000001	482.534
103	5	13	515.023	480.471
104	5	14	514.219	479.98
105	5	15	514.009	477.881
106	5	16	512.475	475.796
107	5	17	511.41900000000004	474.80300000000005
108	5	18	511.69599999999997	475.345
109	5	19	512.01	475.249
110	5	20	513.011	476.645
111	5	21	513.409	477.833
112	5	22	513.308	479.06199999999995
113	5	23	514.455	479.675
114	5	24	514.641	479.495
115	5	25	515.139	479.59
116	5	26	515.005	478.68300000000005
117	5	27	514.494	480.116
118	5	28	514.587	479.33099999999996
119	5	29	514.5319999999999	479.889
120	5	30	515.193	478.832
121	5	31	514.394	479.413
122	5	32	514.7080000000001	480.14
123	5	33	514.581	479.92400000000004
124	5	34	513.87	479.147
125	5	35	514.0830000000001	477.949
126	5	36	513.306	479.01800000000003
127	5	37	513.1	477.64099999999996
128	5	38	512.706	477.527
129	5	39	513.55	477.783
130	5	40	514.072	479.44599999999997
131	5	41	513.284	478.36800000000005
132	5	42	512.2	476.626
133	5	43	512.992	477.784
134	5	44	513.36	478.162
135	5	45	512.1709999999999	476.04
136	5	46	511.94	475.653
137	5	47	511.022	473.996
138	5	48	509.829	472.806
139	5	49	509.849	473.44
140	5	50	510.30199999999996	473.241
141	5	51	510.449	473.653
142	5	52	508.19300000000004	472.55400000000003
143	5	53	505.601	470.874
144	5	54	503.773	470.43800000000005
145	5	55	503.295	469.42900000000003
146	5	56	502.032	468.30199999999996
147	5	57	502.869	468.95
148	5	58	502.084	468.48900000000003
149	5	59	503.278	468.62699999999995
150	5	60	502.01	468.085
151	5	61	503.76	468.836
152	5	62	502.966	468.689
153	5	63	502.897	468.477
154	5	64	504.18300000000005	469.119
155	5	65	503.14599999999996	468.414
156	5	66	502.86300000000006	468.783
157	5	67	505.608	469.87
158	5	68	505.86699999999996	469.47
159	5	69	505.845	470.385
160	5	70	505.241	469.38699999999994
161	5	71	505.05400000000003	470.50699999999995
162	5	72	504.852	469.805
163	5	73	506.79699999999997	470.5
164	5	74	508.355	472.774
165	5	75	509.37199999999996	473.973
166	5	76	511.157	476.04699999999997
167	5	77	512.78	478.74699999999996
168	5	78	516.371	482.54900000000004
169	5	79	517.8969999999999	484.699
170	5	80	516.951	484.61699999999996
171	5	81	516.432	483.56
172	5	82	516.591	484.07599999999996
173	5	83	516.58	484.82
174	5	84	516.09	484.314
175	5	85	516.028	483.74199999999996
176	5	86	514.948	481.92199999999997
177	5	87	513.9	481.485
178	5	88	510.834	476.412
179	5	89	508.19300000000004	476.536
180	5	90	506.974	474.647
181	5	91	504.98699999999997	471.996
182	5	92	502.962	469.871
183	5	93	502.49300000000005	467.75
184	5	94	501.725	468.58
185	5	95	502.575	469.69699999999995
186	5	96	503.282	470.43199999999996
187	10	0	399.215	583.561
188	10	1	406.275	582.752
189	10	2	411.82300000000004	579.431
190	10	3	412.048	579.344
191	10	4	412.349	579.1619999999999
192	10	5	412.914	578.044
193	10	6	412.97	576.156
194	10	7	416.51099999999997	575.475
195	10	8	419.711	576.2669999999999
196	10	9	421.756	575.062
197	10	10	426.67699999999996	574.8330000000001
198	10	11	430.156	574.195
199	10	12	439.19199999999995	570.5790000000001
200	10	13	439.222	569.099
201	10	14	443.06300000000005	567.991
202	10	15	443.17800000000005	564.009
203	10	16	444.023	562.226
204	10	17	447.07599999999996	558.705
205	10	18	452.728	558.381
206	10	19	452.765	559.097
207	10	20	453.597	558.45
208	10	21	456.501	561.914
209	10	22	453.49199999999996	559.4159999999999
210	10	23	459.134	558.903
211	10	24	455.564	562.31
212	10	25	457.509	560.998
213	10	26	456.95099999999996	563.004
214	10	27	456.759	561.969
215	10	28	458.76300000000003	560.434
216	10	29	462.295	560.8380000000001
217	10	30	459.444	561.592
218	10	31	458.652	562.492
219	10	32	459.43	561.304
220	10	33	463.537	560.111
221	10	34	462.278	562.446
222	10	35	462.579	562.6709999999999
223	10	36	461.724	562.771
224	10	37	460.43800000000005	563.56
225	10	38	459.014	564.185
226	10	39	453.744	566.903
227	10	40	451.56699999999995	569.971
228	10	41	450.69699999999995	571.922
229	10	42	455.467	569.5980000000001
230	10	43	455.379	571.815
231	10	44	456.754	575.184
232	10	45	455.61800000000005	574.102
233	10	46	456.10400000000004	572.582
234	10	47	453.58	569.928
235	10	48	454.661	574.119
236	10	49	452.15	573.813
237	10	50	450.709	571.16
238	10	51	450.157	572.455
239	10	52	448.79900000000004	569.518
240	10	53	444.66900000000004	567.247
241	10	54	444.88800000000003	571.043
242	10	55	443.906	572.145
243	10	56	441.18	570.543
244	10	57	444.474	571.698
245	10	58	442.26099999999997	570.77
246	10	59	443.293	576.513
247	10	60	441.462	571.0930000000001
248	10	61	436.092	570.486
249	10	62	437.995	569.4159999999999
250	10	63	436.105	570.543
251	10	64	436.781	572.56
252	10	65	437.226	573.576
253	10	66	439.228	575.544
254	10	67	439.05300000000005	577.271
255	10	68	442.092	578.516
256	10	69	446.827	579.591
257	10	70	447.2	578.5
258	10	71	447.33	579.368
259	10	72	445.57199999999995	581.258
260	10	73	438.611	587.505
261	10	74	443.845	585.589
262	10	75	443.342	590.924
263	10	76	443.42699999999996	592.84
264	10	77	440.599	596.414
265	10	78	441.10400000000004	596.876
266	10	79	443.379	598.344
267	10	80	439.545	599.149
268	10	81	444.671	600.011
269	10	82	442.11800000000005	599.8580000000001
270	10	83	447.996	602.288
271	10	84	451.974	598.751
272	10	85	458.715	592.9680000000001
273	10	86	454.827	599.137
274	10	87	454.76599999999996	596.516
275	10	88	448.95099999999996	599.189
276	10	89	448.561	593.8430000000001
277	10	90	447.755	589.246
278	10	91	438.119	581.844
279	10	92	435.176	580.293
280	10	93	436.624	577.443
281	10	94	434.801	573.976
282	10	95	434.314	573.813
283	10	96	433.588	576.25
284	11	0	317.639	626.922
285	11	1	318.346	628.9580000000001
286	11	2	306.33299999999997	625.03
287	11	3	308.035	626.862
288	11	4	312.32099999999997	627.201
289	11	5	312.954	628.04
290	11	6	317.156	627.2959999999999
291	11	7	313.277	626.9019999999999
292	11	8	301.791	621.876
293	11	9	298.682	620.606
294	11	10	300.159	620.8430000000001
295	11	11	293.449	620.56
296	11	12	295.957	621.59
297	11	13	288.695	618.268
298	11	14	284.394	614.332
299	11	15	287.421	611.748
300	11	16	277.988	611.464
301	11	17	281.53700000000003	611.9259999999999
302	11	18	280.99	612.434
303	11	19	271.937	614.293
304	11	20	263.452	615.9259999999999
305	11	21	260.065	614.0740000000001
306	11	22	264.448	616.133
307	11	23	257.482	615.976
308	11	24	251.80599999999998	617.328
309	11	25	251.045	615.872
310	11	26	243.729	618.006
311	11	27	240.30900000000003	618.646
312	11	28	240.94400000000002	617.451
313	11	29	245.707	616.939
314	11	30	252.093	613.68
315	11	31	249.918	614.17
316	11	32	249.524	617.245
317	11	33	252.141	615.894
318	11	34	250.916	617.178
319	11	35	250.93200000000002	616.975
320	11	36	250.334	618.362
321	11	37	249.669	618.947
322	11	38	250.333	619.182
323	11	39	250.326	619.794
324	11	40	249.227	620.2719999999999
325	11	41	248.12	621.786
326	11	42	253.894	620.182
327	11	43	253.644	617.5790000000001
328	11	44	252.923	620.359
329	11	45	253.293	617.819
330	11	46	253.12400000000002	618.341
331	11	47	253.743	620.607
332	11	48	252.87099999999998	619.177
333	11	49	254.695	622.82
334	11	50	256.846	620.436
335	11	51	252.255	617.685
336	11	52	253.868	620.784
337	11	53	254.571	620.161
338	11	54	253.81599999999997	621.239
339	11	55	256.58299999999997	626.425
340	11	56	276.637	630.009
341	11	57	264.627	621.363
342	11	58	251.097	618.01
343	11	59	237.53799999999998	617.097
344	11	60	237.25400000000002	612.611
345	11	61	242.33700000000002	612.519
346	11	62	245.947	610.807
347	11	63	245.872	612.981
348	11	64	242.21900000000002	613.427
349	11	65	243.40200000000002	605.529
350	11	66	240.567	607.226
351	11	67	240.40599999999998	610.2180000000001
352	11	68	240.50799999999998	610.1469999999999
353	11	69	242.175	612.493
354	11	70	231.512	617.86
355	11	71	237.322	620.627
356	11	72	244.355	614.641
357	11	73	246.21900000000002	610.26
358	11	74	238.15599999999998	616.247
359	11	75	236.416	620.78
360	11	76	229.537	619.3009999999999
361	11	77	231.165	626.778
362	11	78	239.458	624.488
363	11	79	242.195	614.807
364	11	80	246.046	614.431
365	11	81	242.993	615.961
366	11	82	245.68	613.717
367	11	83	242.53	619.0930000000001
368	11	84	242.17700000000002	619.015
369	11	85	244.58900000000003	616.606
370	11	86	242.98	614.7869999999999
371	11	87	241.199	619.9019999999999
372	11	88	243.393	615.623
373	11	89	247.778	612.185
374	11	90	247.822	608.076
375	11	91	247.732	610.28
376	11	92	243.47299999999998	615.505
377	11	93	250.115	608.9540000000001
378	11	94	250.86900000000003	616.354
379	11	95	245.428	613.884
380	11	96	244.813	616.888
381	13	0	149.234	31.044
382	13	1	151.887	34.984
383	13	2	157.417	39.997
384	13	3	160.43200000000002	45.178000000000004
385	13	4	165.28799999999998	51.593999999999994
386	13	5	161.357	49.303999999999995
387	13	6	162.925	52.71
388	13	7	163.983	57.235
389	13	8	162.667	55.482
390	13	9	164.595	61.86
391	13	10	165.141	61.94
392	13	11	163.365	59.677
393	13	12	168.054	66.722
394	13	13	165.872	63.3
395	13	14	162.79	59.093
396	13	15	166.555	63.115
397	13	16	163.976	59.101000000000006
398	13	17	161.665	55.838
399	13	18	165.93099999999998	60.894
400	13	19	160.317	55.464
401	13	20	164.71099999999998	61.216
402	13	21	171.74200000000002	70.042
403	13	22	166.231	64.813
404	13	23	168.378	66.855
405	13	24	172.68099999999998	72.65899999999999
406	13	25	166.645	64.866
407	13	26	175.50900000000001	72.831
408	13	27	172.40599999999998	71.127
409	13	28	174.86700000000002	72.687
410	13	29	183.44	79.459
411	13	30	180.09099999999998	75.851
412	13	31	180.578	76.794
413	13	32	184.581	80.70100000000001
414	13	33	187.952	83.64399999999999
415	13	34	189.321	84.821
416	13	35	186.532	81.5
417	13	36	187.172	83.971
418	13	37	189.264	85.34700000000001
419	13	38	195.33599999999998	90.21700000000001
420	13	39	187.861	83.244
421	13	40	185.77200000000002	82.697
422	13	41	199.81900000000002	92.854
423	13	42	200.208	88.15100000000001
424	14	0	562.0219999999999	111.67
425	14	1	563.145	114.17399999999999
426	14	2	564.19	117.662
427	14	3	560.696	118.256
428	14	4	563.427	121.527
429	14	5	565.326	123.729
430	14	6	563.258	124.022
431	14	7	562.612	126.984
432	14	8	562.341	128.072
433	14	9	563.325	129.287
434	14	10	562.435	130.158
435	14	11	561.811	131.439
436	14	12	560.112	130.43200000000002
437	14	13	558.98	129.014
438	14	14	557.804	127.71600000000001
439	14	15	558.048	128.64
440	14	16	557.288	128.559
441	14	17	557.744	128.148
442	14	18	559.221	127.815
443	14	19	558.339	127.065
444	14	20	558.408	127.92399999999999
445	14	21	558.8	127.771
446	14	22	557.975	128.15
447	14	23	559.03	128.493
448	14	24	559.361	130.332
449	14	25	561.563	128.088
450	14	26	560.947	129.88
451	14	27	561.238	130.055
452	14	28	560.6619999999999	131.27
453	14	29	560.746	133.792
454	14	30	560.993	132.89
455	14	31	560.605	132.159
456	14	32	560.677	131.931
457	14	33	559.482	133.386
458	14	34	559.447	135.01
459	14	35	562.725	136.16299999999998
460	14	36	561.385	137.741
461	14	39	562.058	134.632
462	14	40	563.783	134.856
463	14	41	560.976	135.121
464	14	43	562.4019999999999	137.463
465	14	44	560.411	136.003
466	14	45	558.526	134.164
467	14	46	557.8580000000001	135.982
468	14	47	557.493	133.899
469	14	48	557.975	134.31799999999998
470	14	49	557.9209999999999	137.799
471	14	50	558.554	136.743
472	14	51	558.781	136.857
473	14	52	563.7919999999999	139.388
474	14	53	565.215	139.537
475	14	54	562.589	139.028
476	14	55	564.484	139.769
477	14	56	562.951	136.21
478	14	57	560.214	136.07
479	14	58	559.996	137.611
480	14	59	560.183	139.16899999999998
481	14	60	557.86	140.042
482	14	61	556.241	138.203
483	14	62	555.592	133.84
484	14	63	555.435	135.501
485	14	64	555.438	138.972
486	14	65	555.554	141.126
487	14	66	557.239	141.433
488	14	67	560.271	142.54
489	14	68	560.386	141.695
490	14	69	559.538	140.252
491	14	70	558.871	140.767
492	14	71	558.099	141.951
493	14	72	557.361	141.045
494	14	73	559.529	142.408
495	14	74	559.915	142.498
496	14	75	559.395	141.017
497	14	76	561.011	142.428
498	14	77	558.69	144.717
499	14	78	557.076	143.711
500	14	79	554.955	142.377
501	14	80	554.687	142.488
502	14	81	554.621	139.727
503	14	82	553.064	142.05200000000002
504	14	83	552.689	141.635
505	14	84	553.283	149.122
506	14	86	553.064	146.539
507	14	87	555.586	146.715
508	14	88	558.134	144.025
509	14	89	556.605	145.92
510	14	90	557.373	146.159
511	14	91	558.735	149.148
512	16	0	562.168	157.85399999999998
513	16	1	560.771	157.85299999999998
514	16	2	550.696	153.578
515	16	3	544.187	152.041
516	16	4	536.263	150.221
517	16	5	535.314	151.595
518	16	6	522.612	148.40200000000002
519	16	7	521.621	149.665
520	16	8	521.264	148.69
521	16	9	521.805	149.81
522	16	10	526.265	150.39600000000002
523	16	11	537.6569999999999	153.333
524	16	12	541.658	155.885
525	16	13	542.261	156.72799999999998
526	16	14	540.247	156.477
527	16	15	534.993	153.512
528	16	16	527.738	150.065
529	16	17	522.654	147.279
530	16	18	514.578	143.748
531	16	19	506.24199999999996	140.336
532	16	20	508.08	142.868
533	16	21	515.15	148.92700000000002
534	16	22	519.578	153.583
535	16	23	530.429	155.431
536	16	24	533.567	157.372
537	16	25	540.246	160.234
538	16	26	545.793	161.789
539	16	27	545.854	166.71200000000002
540	16	28	539.1709999999999	164.674
541	16	29	531.91	161.786
542	16	30	521.245	158.487
543	16	31	509.944	153.011
544	16	32	500.394	143.929
545	16	33	500.75	145.671
546	16	34	499.20300000000003	145.409
547	16	35	495.31800000000004	141.679
548	16	36	487.964	139.259
549	16	37	483.03	136.441
550	16	38	476.25199999999995	135.752
551	16	39	467.282	130.21200000000002
552	16	40	463.48199999999997	129.332
553	16	41	462.62300000000005	128.94299999999998
554	16	42	462.98900000000003	128.003
555	16	43	464.278	128.075
556	16	44	465.034	127.98299999999999
557	16	45	466.538	128.835
558	16	46	471.875	131.423
559	16	47	473.319	132.273
560	16	48	475.349	134.595
561	16	49	473.726	135.024
562	16	50	468.08	130.372
563	16	51	461.07300000000004	125.984
564	16	52	457.509	122.43
565	16	53	452.796	118.575
566	16	54	446.361	113.443
567	16	55	443.49300000000005	109.62100000000001
568	16	56	443.56199999999995	110.87100000000001
569	16	57	449.097	116.12
570	16	58	456.44199999999995	121.178
571	16	59	470.474	131.596
572	16	60	481.22900000000004	136.376
573	16	61	488.764	136.263
574	16	62	492.509	134.562
575	16	63	493.597	133.972
576	16	64	493.658	134.174
577	16	65	497.024	135.44899999999998
578	16	66	501.765	134.565
579	16	67	504.23	133.655
580	16	68	509.11199999999997	130.562
581	16	69	508.86	131.555
582	16	70	501.88699999999994	136.69
583	16	71	503.501	136.743
584	16	72	505.815	135.058
585	16	73	508.945	130.705
586	16	74	513.715	128.97
587	16	75	521.807	126.98100000000001
588	16	76	530.339	120.287
589	16	77	534.411	118.17399999999999
590	16	78	533.28	115.14299999999999
591	16	79	539.885	111.602
592	16	80	545.256	104.98200000000001
593	16	81	552.222	98.58
594	16	82	550.5459999999999	98.48299999999999
595	16	83	552.085	95.493
596	16	84	556.475	92.98700000000001
597	16	85	562.627	86.23200000000001
598	16	86	562.16	84.681
599	16	87	564.994	82.186
600	16	88	553.408	94.32
601	16	89	540.7130000000001	105.344
602	16	90	534.633	109.96799999999999
603	16	91	532.275	110.34899999999999
604	16	92	523.274	117.96700000000001
605	16	93	517.464	122.044
606	16	94	513.58	131.263
607	16	95	510.30300000000005	142.222
608	16	96	508.345	151.072
609	17	0	602.419	162.88
610	17	1	601.315	162.136
611	17	2	600.864	159.466
612	17	3	599.547	157.316
613	17	4	599.104	156.329
614	17	5	598.992	157.053
615	17	6	598.646	156.74
616	17	7	598.632	155.368
617	17	8	597.876	152.431
618	17	9	598.192	152.345
619	17	10	597.644	151.326
620	17	11	597.492	154.666
621	17	12	597.891	155.553
622	17	13	596.5319999999999	153.97799999999998
623	17	14	594.863	150.766
624	17	15	594.499	143.621
625	17	16	594.06	138.564
626	17	17	594.3380000000001	134.616
627	17	18	594.325	133.316
628	17	19	594.525	133.381
629	17	20	595.236	130.974
630	17	21	596.025	130.644
631	17	22	596.05	132.406
632	17	23	596.8340000000001	130.8
633	17	24	596.686	135.289
634	17	25	597.125	133.028
635	17	26	595.923	129.813
636	17	27	595.945	131.556
637	17	28	596.31	130.491
638	17	29	596.547	132.744
639	17	30	596.707	133.58
640	17	31	595.812	138.297
641	17	32	596.184	140.483
642	17	33	595.8380000000001	140.966
643	17	34	596.544	136.135
644	17	35	596.8240000000001	133.53799999999998
645	17	36	595.331	134.69899999999998
646	17	37	596.54	141.012
647	17	38	596.02	147.933
648	17	39	595.481	149.491
649	17	40	596.118	146.92
650	17	41	597.995	138.984
651	17	42	597.706	139.029
652	17	43	597.868	137.78799999999998
653	17	44	597.778	138.106
654	17	45	596.836	142.116
655	17	46	596.236	144.532
656	17	47	596.182	144.166
657	17	48	596.5219999999999	140.189
658	17	49	596.855	141.43200000000002
659	17	50	597.927	137.589
660	17	51	596.629	141.018
661	17	52	596.883	142.284
662	17	53	595.955	143.579
663	17	54	595.45	143.21200000000002
664	17	55	595.877	143.155
665	17	56	596.418	143.322
666	17	57	595.477	145.773
667	17	58	594.302	146.855
668	17	59	596.259	141.759
669	17	60	595.859	141.972
670	17	61	595.619	141.761
671	17	62	596.488	141.5
672	17	63	592.987	148.882
673	17	64	593.866	147.597
674	17	65	592.866	145.012
675	17	66	593.273	145.654
676	17	67	595.398	142.795
677	17	68	596.736	139.284
678	17	69	595.138	141.032
679	17	70	592.804	144.454
680	17	71	591.4490000000001	150.965
681	17	72	590.283	150.002
682	17	73	590.23	148.999
683	17	74	591.59	146.375
684	17	75	595.752	141.52
685	17	76	602.7919999999999	133.234
686	17	77	608.197	133.64700000000002
687	17	78	607.401	132.78
688	17	79	606.0930000000001	134.032
689	17	80	605.77	133.891
690	17	81	602.789	135.749
691	17	82	600.317	135.961
692	17	83	597.932	139.317
693	17	84	598.82	138.782
694	17	85	597.895	138.49200000000002
695	17	86	597.556	138.886
696	17	87	594.011	142.594
697	17	88	593.344	143.804
698	17	89	592.404	147.368
699	17	90	592.827	146.217
700	17	91	593.854	146.937
701	17	92	594.633	146.05700000000002
702	17	93	597.2669999999999	143.73
703	17	94	592.641	148.795
704	17	95	595.976	148.43
705	17	96	597.194	146.89
706	18	0	560.557	173.62
707	18	1	561.225	174.803
708	18	2	557.944	170.581
709	18	3	559.811	167.747
710	18	4	557.988	164.755
711	18	5	552.894	169.81799999999998
712	18	6	550.244	170.644
713	18	7	552.447	166.149
714	18	8	549.4259999999999	169.297
715	18	9	551.684	166.28599999999997
716	18	10	551.268	157.96200000000002
717	18	11	550.788	158.339
718	18	12	552.986	166.515
719	18	13	555.342	160.547
720	18	14	556.4590000000001	152.753
721	18	15	551.691	147.847
722	18	16	544.765	145.2
723	18	17	540.681	142.238
724	18	18	535.3430000000001	138.869
725	18	19	526.499	137.285
726	18	20	526.636	138.564
727	18	21	528.547	139.69899999999998
728	18	22	526.675	140.351
729	18	23	534.681	140.494
730	18	24	536.924	141.834
731	18	25	540.178	144.215
732	18	26	547.484	146.334
733	18	27	546.25	144.695
734	18	28	545.748	142.945
735	18	29	544.323	141.33700000000002
736	18	30	542.049	137.196
737	18	31	541.924	140.108
738	18	32	541.2669999999999	136.696
739	18	33	539.976	137.317
740	18	34	540.556	133.753
741	18	35	543.395	133.589
742	18	36	542.299	132.625
743	18	37	544.191	133.968
744	18	38	544.01	135.14
745	18	39	542.2869999999999	134.504
746	18	40	546.11	134.796
747	18	41	542.931	136.10399999999998
748	18	42	545.279	134.086
749	18	43	544.306	134.02200000000002
750	18	44	542.627	136.52700000000002
751	18	45	542.644	138.411
752	18	46	540.438	139.694
753	18	47	540.144	137.045
754	18	48	541.205	136.085
755	18	49	540.224	137.224
756	18	50	542.839	134.77100000000002
757	18	51	541.226	136.114
758	18	52	544.89	137.762
759	18	53	547.101	138.458
760	18	54	547.019	135.993
761	18	55	549.927	136.92
762	18	56	548.5409999999999	134.645
763	18	57	546.482	135.043
764	18	58	545.41	135.467
765	18	59	545.0509999999999	137.304
766	18	60	541.964	136.945
767	18	61	540.2719999999999	136.076
768	18	62	539.61	139.796
769	18	63	539.575	140.55100000000002
770	18	64	538.686	141.409
771	18	65	538.8240000000001	141.346
772	18	66	542.452	142.92600000000002
773	18	67	545.159	146.075
774	18	68	547.4069999999999	143.934
775	18	69	546.705	143.664
776	18	70	544.9540000000001	143.968
777	18	71	544.335	143.542
778	18	72	544.831	143.162
779	18	73	546.703	144.825
780	18	74	550.429	150.03799999999998
781	18	75	552.76	151.424
782	18	76	553.553	152.05700000000002
783	18	77	552.986	156.111
784	18	78	556.263	158.06799999999998
785	18	79	555.711	155.75799999999998
786	18	80	558.195	154.625
787	18	81	556.4069999999999	152.63299999999998
788	18	82	553.975	155.355
789	18	83	555.288	154.148
790	18	84	555.609	159.721
791	18	85	555.242	156.745
792	18	86	552.894	157.425
793	18	87	553.802	156.44799999999998
794	18	88	551.859	155.613
795	18	89	551.2080000000001	155.233
796	18	90	550.3	154.817
797	18	91	547.87	155.011
798	18	92	549.318	155.406
799	18	93	548.919	151.539
800	18	94	546.885	154.395
801	18	95	546.614	152.741
802	18	96	547.318	152.347
803	19	0	577.326	174.04
804	19	1	578.3330000000001	172.80599999999998
805	19	2	575.518	173.18
806	19	3	571.286	176.43200000000002
807	19	4	568.14	179.38299999999998
808	19	5	569.706	176.515
809	19	6	567.9069999999999	175.771
810	19	7	566.864	178.487
811	19	8	570.314	171.514
812	19	9	572.495	165.91
813	19	10	575.979	156.382
814	19	11	579.322	149.189
815	19	12	581.4590000000001	141.846
816	19	13	580.725	136.695
817	19	15	578.271	126.149
818	19	16	579.285	120.48200000000001
819	19	17	578.555	118.89399999999999
820	19	22	578.472	133.235
821	19	23	576.974	143.11
822	19	24	573.884	153.44299999999998
823	19	25	570.47	163.774
824	19	26	569.006	170.13400000000001
825	19	27	566.681	176.52200000000002
826	19	28	564.51	182.608
827	19	29	562.638	188.817
828	19	30	560.962	191.016
829	19	31	558.774	197.856
830	19	32	562.529	187.00799999999998
831	19	33	559.185	195.65400000000002
832	19	34	554.81	207.732
833	19	35	551.786	216.93599999999998
834	19	36	546.054	228.83599999999998
835	19	37	548.105	223.72799999999998
836	19	38	550.352	219.467
837	19	39	548.182	224.15400000000002
838	19	40	545.724	225.889
839	19	41	544.568	232.12900000000002
840	19	42	541.571	239.273
841	19	43	541.685	241.524
842	19	44	539.12	246.905
843	19	45	540.159	245.854
844	19	46	539.795	250.84599999999998
845	19	47	535.932	258.887
846	19	48	535.1709999999999	264.551
847	19	49	532.33	272.442
848	19	50	531.107	275.454
849	19	51	531.613	274.10200000000003
850	19	52	531.703	273.716
851	19	53	530.0509999999999	277.972
852	19	54	530.015	279.478
853	19	55	531.457	277.027
854	19	56	529.192	278.943
855	19	57	527.31	280.775
856	19	58	532.065	272.469
857	19	59	535.7	263.497
858	19	60	537.49	258.832
859	19	61	537.96	257.039
860	19	62	541.288	249.782
861	19	63	541.107	254.885
862	19	64	541.246	252.356
863	19	65	544.62	246.03099999999998
864	19	66	546.436	244.97099999999998
865	19	67	547.825	242.666
866	19	68	547.575	242.88299999999998
867	19	69	548.184	238.90099999999998
868	19	70	548.319	238.405
869	19	71	551.947	236.36599999999999
870	19	72	554.4	230.335
871	19	73	557.221	226.019
872	19	74	557.988	225.8
873	19	75	559.953	221.795
874	19	76	554.8580000000001	226.895
875	19	77	553.629	229.602
876	19	78	551.286	235.75799999999998
877	19	79	551.5840000000001	236.872
878	19	80	551.356	237.377
879	19	81	545.862	241.271
880	19	82	546.6759999999999	239.27700000000002
881	19	83	546.875	238.657
882	19	84	549.006	236.935
883	19	85	544.372	241.71099999999998
884	19	86	547.589	241.304
885	19	87	543.3330000000001	246.75799999999998
886	19	88	541.92	248.984
887	19	89	540.745	254.054
888	19	90	537.609	255.125
889	19	91	538.712	254.63
890	19	92	543.0980000000001	247.29
891	19	93	547.975	238.29
892	19	94	546.19	244.78799999999998
893	19	95	547.665	242.41099999999997
894	19	96	554.731	231.09
895	20	0	439.653	214.264
896	20	1	433.29900000000004	209.77900000000002
897	20	2	426.649	206.12400000000002
898	20	3	426.542	204.717
899	20	4	427.12699999999995	203.23
900	20	5	435.065	211.15
901	20	6	440.505	214.394
902	20	7	450.756	222.102
903	20	8	450.775	223.018
904	20	9	461.833	230.843
905	20	10	461.914	231.44299999999998
906	20	11	461.305	230.208
907	20	12	459.84	228.37400000000002
908	20	13	452.07300000000004	219.729
909	20	14	452.55400000000003	218.382
910	20	15	459.381	222.25400000000002
911	20	16	461.07800000000003	222.47099999999998
912	20	17	473.278	229.486
913	20	18	474.397	230.00400000000002
914	20	19	488.358	237.62400000000002
915	20	20	490.724	239.003
916	20	21	499.392	244.549
917	20	22	508.67900000000003	250.042
918	20	23	511.76199999999994	249.541
919	20	24	519.576	254.105
920	20	25	513.066	250.80200000000002
921	20	26	509.955	248.801
922	20	27	497.301	244.36599999999999
923	20	28	483.866	235.929
924	20	29	487.816	236.988
925	20	30	491.827	238.47299999999998
926	20	31	498.75199999999995	243.03799999999998
927	20	32	506.149	247.472
928	20	33	510.18699999999995	248.09099999999998
929	20	34	503.718	245.606
930	20	35	486.444	234.40599999999998
931	20	36	478.694	232.08
932	20	37	491.361	239.25
933	20	38	502.917	244.868
934	20	39	498.584	241.533
935	20	40	479.41900000000004	234.44400000000002
936	20	41	487.586	236.90400000000002
937	20	42	502.667	245.46
938	20	43	493.015	240.33700000000002
939	20	44	492.222	240.332
940	20	45	495.745	242.585
941	20	46	495.665	241.386
942	20	47	488.904	240.049
943	20	48	476.75699999999995	236.293
944	20	49	478.12800000000004	236.06400000000002
945	20	50	488.125	241.405
946	20	51	490.936	243.13400000000001
947	20	52	483.50800000000004	240.708
948	20	53	473.30400000000003	237.40599999999998
949	20	54	482.327	242.703
950	20	55	498.222	250.886
951	20	56	492.666	249.104
952	20	57	477.126	240.81900000000002
953	20	58	482.274	245.23
954	20	59	492.717	252.523
955	20	60	495.079	253.24400000000003
956	20	61	481.84	247.692
957	20	62	483.543	247.327
958	20	63	492.61300000000006	252.965
959	20	64	488.44800000000004	251.3
960	20	65	487.161	249.855
961	20	66	490.019	251.945
962	20	67	493.996	254.553
963	20	68	489.75199999999995	253.09900000000002
964	20	69	487.61699999999996	253.118
965	20	70	489.608	254.486
966	20	71	485.44300000000004	254.628
967	20	72	478.55699999999996	249.628
968	20	73	480.075	251.33599999999998
969	20	74	485.216	254.188
970	20	75	479.784	250.532
971	20	76	468.06	243.231
972	20	77	473.041	247.207
973	20	78	474.939	248.743
974	20	79	474.34	248.58900000000003
975	20	80	471.351	246.162
976	20	81	468.48699999999997	245.46900000000002
977	20	82	469.296	246.58900000000003
978	20	83	468.157	246.301
979	20	84	466.092	246.389
980	20	85	465.343	245.028
981	20	86	470.16	249.321
982	20	87	471.724	250.644
983	20	88	473.773	252.41299999999998
984	20	89	471.44699999999995	251.782
985	20	90	473.537	253.09599999999998
986	20	91	474.224	253.90900000000002
987	20	92	474.595	253.27900000000002
988	20	93	474.796	253.0
989	20	94	474.60900000000004	253.065
990	20	95	477.05699999999996	256.922
991	20	96	478.048	256.54
992	22	0	345.93800000000005	285.824
993	22	1	359.00300000000004	283.468
994	22	2	366.81699999999995	280.913
995	22	3	380.29400000000004	279.615
996	22	4	395.57099999999997	277.868
997	22	5	410.855	277.439
998	22	6	420.566	274.442
999	22	7	426.67800000000005	275.221
1000	22	8	432.69800000000004	274.608
1001	22	9	437.43199999999996	275.445
1002	22	10	428.69699999999995	274.35900000000004
1003	22	11	425.19	276.574
1004	22	12	413.994	278.207
1005	22	13	402.217	277.658
1006	22	14	390.925	277.248
1007	22	15	382.038	277.468
1008	22	16	371.316	280.04400000000004
1009	22	17	363.24199999999996	283.841
1010	22	18	361.27099999999996	285.499
1011	22	19	356.676	288.197
1012	22	20	352.49699999999996	291.803
1013	22	21	350.894	294.814
1014	22	22	354.71	294.23900000000003
1015	22	23	352.75800000000004	295.599
1016	22	24	361.735	290.743
1017	22	25	365.534	289.387
1018	22	26	369.82	286.972
1019	22	27	377.901	286.153
1020	22	28	384.70300000000003	283.687
1021	22	29	392.334	281.041
1022	22	30	393.19199999999995	279.296
1023	22	31	397.32800000000003	278.22700000000003
1024	22	32	404.335	277.867
1025	22	33	402.856	276.85
1026	22	34	404.907	275.836
1027	22	35	405.871	274.191
1028	22	36	404.02099999999996	276.05
1029	22	37	405.106	273.99
1030	22	38	402.1	275.585
1031	22	39	395.439	276.597
1032	22	40	389.037	279.095
1033	22	41	381.647	281.48900000000003
1034	22	42	373.111	285.008
1035	22	43	367.36699999999996	286.074
1036	22	44	360.895	287.841
1037	22	45	349.341	291.585
1038	22	46	346.407	291.593
1039	22	47	344.42699999999996	290.879
1040	22	48	340.505	291.611
1041	22	49	338.164	293.293
1042	22	50	331.144	294.362
1043	22	51	332.98800000000006	291.408
1044	22	52	337.12	289.357
1045	22	53	335.705	289.385
1046	22	54	341.85400000000004	287.922
1047	22	55	343.45099999999996	286.134
1048	22	56	342.86300000000006	286.094
1049	22	57	349.089	285.455
1050	22	58	359.135	284.022
1051	22	59	367.836	282.428
1052	22	60	378.467	281.67900000000003
1053	22	61	385.69699999999995	281.107
1054	22	62	392.296	279.835
1055	22	63	397.87699999999995	278.329
1056	22	64	403.505	277.883
1057	22	65	411.664	278.11400000000003
1058	22	66	416.501	278.678
1059	22	67	412.34	277.927
1060	22	68	401.74	277.10200000000003
1061	22	69	391.93	278.716
1062	22	70	375.75699999999995	279.66700000000003
1063	22	71	364.07	281.60200000000003
1064	22	72	358.68	281.70099999999996
1065	22	73	356.194	280.317
1066	22	74	356.30199999999996	281.09
1067	22	75	367.838	279.122
1068	22	76	381.115	276.969
1069	22	77	390.63599999999997	276.952
1070	22	78	393.355	275.483
1071	22	79	394.04699999999997	274.75
1072	22	80	391.977	274.58
1073	22	81	377.733	275.517
1074	22	82	371.129	274.501
1075	22	83	366.94199999999995	275.585
1076	22	84	367.01300000000003	275.344
1077	22	85	373.655	272.527
1078	22	86	383.56300000000005	270.02099999999996
1079	22	87	390.611	268.259
1080	22	88	393.80400000000003	265.933
1081	22	89	398.149	264.95599999999996
1082	22	90	398.336	264.954
1083	22	91	394.195	265.161
1084	22	92	384.135	267.23
1085	22	93	375.05800000000005	266.278
1086	22	94	369.066	268.308
1087	22	95	369.714	268.85200000000003
1088	22	96	369.80400000000003	268.652
1089	26	2	224.25	0.0
1090	26	3	224.25	0.0
1091	26	4	221.65	0.0
1092	26	5	217.02599999999998	6.37
1093	26	6	217.12400000000002	10.799000000000001
1094	26	7	214.77200000000002	11.039000000000001
1095	26	8	209.888	11.524000000000001
1096	26	9	192.628	14.292
1097	26	10	186.388	20.594
1098	26	11	185.113	26.325
1099	26	12	185.115	29.261999999999997
1100	26	13	184.74099999999999	28.278000000000002
1101	26	14	183.798	28.526
1102	26	15	184.62	25.793000000000003
1103	26	16	186.08700000000002	27.738000000000003
1104	26	17	183.02900000000002	25.601
1105	26	18	187.074	23.016
1106	26	19	189.37400000000002	26.662
1107	26	20	188.38400000000001	31.955
1108	26	21	190.299	30.483
1109	26	22	189.046	30.066
1110	26	23	192.17	33.593
1111	26	24	193.643	34.701
1112	26	25	191.398	35.376
1113	26	26	186.692	31.811
1114	26	27	186.447	32.721
1115	26	28	179.338	34.183
1116	26	29	178.78099999999998	32.836999999999996
1117	26	30	179.896	23.215
1118	26	31	178.46200000000002	22.945
1119	26	32	176.995	24.761999999999997
1120	26	33	177.217	22.343000000000004
1121	26	34	175.27200000000002	22.427
1122	26	35	176.293	23.47
1123	26	36	176.484	17.935
1124	26	37	175.476	21.151
1125	26	38	177.357	18.171
1126	26	39	175.827	19.601
1127	26	40	176.145	22.057
1128	26	41	176.46099999999998	19.618
1129	26	42	175.365	24.712
1130	26	43	176.446	21.559
1131	26	44	176.66099999999997	24.534000000000002
1132	26	45	177.81799999999998	23.236
1133	26	46	177.666	21.593000000000004
1134	26	47	176.407	21.791999999999998
1135	26	48	176.66099999999997	19.712
1136	26	49	176.487	21.944000000000003
1137	26	50	176.519	18.404
1138	26	51	177.72099999999998	22.218000000000004
1139	26	52	176.46599999999998	19.322
1140	26	53	176.543	24.822
1141	26	54	177.299	22.250999999999998
1142	26	55	178.06400000000002	23.079
1143	26	56	178.048	25.894000000000002
1144	26	57	178.861	24.921
1145	26	59	179.28599999999997	25.397
1146	26	60	178.74	29.135
1147	26	61	178.33	26.079
1148	26	62	179.197	26.323
1149	26	63	177.71200000000002	28.236
1150	26	64	177.699	27.401
1151	26	65	177.46200000000002	30.596
1152	26	66	176.274	27.162
1153	26	67	178.579	29.295
1154	26	68	177.234	31.291
1155	26	69	174.459	33.413000000000004
1156	26	70	177.709	30.004
1157	26	71	172.22400000000002	30.506999999999998
1158	26	72	177.362	30.714000000000002
1159	26	73	173.417	30.857
1160	26	74	176.87599999999998	35.662
1161	26	75	173.37599999999998	32.766999999999996
1162	26	76	179.106	35.788000000000004
1163	26	77	175.446	35.431
1164	26	78	178.16099999999997	31.753
1165	26	79	178.486	35.641
1166	26	80	175.35299999999998	34.863
1167	26	81	177.518	36.846
1168	26	82	174.958	38.488
1169	26	83	176.157	37.453
1170	26	84	174.66400000000002	39.001999999999995
1171	26	85	175.204	36.702
1172	26	86	175.44400000000002	38.91
1173	26	87	175.297	38.135999999999996
1174	26	89	174.558	40.343
1175	26	90	177.533	38.515
1176	26	91	174.342	38.905
1177	26	92	178.373	40.535
1178	26	93	176.41	40.726
1179	26	94	175.979	38.333
1180	26	95	177.43400000000003	44.961000000000006
1181	27	1	641.251	311.797
1182	27	2	640.1619999999999	313.27299999999997
1183	27	3	639.893	314.79900000000004
1184	27	4	640.094	316.777
1185	27	5	641.831	314.047
1186	27	6	640.224	318.055
1187	27	7	641.511	318.991
1188	27	8	640.36	320.101
1189	27	9	643.359	318.04900000000004
1190	27	10	642.805	320.875
1191	27	11	643.779	322.322
1192	27	12	643.474	321.144
1193	27	13	643.246	320.64799999999997
1194	27	14	642.869	319.619
1195	27	15	643.355	316.661
1196	27	16	642.724	316.534
1197	27	17	645.035	315.156
1198	27	18	647.155	314.018
1199	27	19	652.052	315.387
1200	27	20	651.05	315.547
1201	27	21	653.429	315.534
1202	27	22	652.019	320.203
1203	27	23	652.443	319.216
1204	27	24	653.443	319.67
1205	27	25	654.669	317.793
1206	27	26	653.94	319.131
1207	27	27	654.779	320.994
1208	27	28	655.758	321.422
1209	27	29	654.685	323.694
1210	27	30	658.471	321.968
1211	27	31	658.415	323.434
1212	27	32	658.8910000000001	322.279
1213	27	33	660.877	322.345
1214	27	34	664.95	326.3
1215	27	35	664.95	321.75
1216	27	36	664.95	322.4
1217	27	37	664.95	322.4
1218	27	38	664.95	323.7
1219	27	39	664.95	323.7
1220	27	40	664.95	323.7
1221	27	41	664.95	324.35
1222	27	42	664.95	323.05
1223	27	43	664.95	325.65
1224	27	44	664.95	323.05
1225	27	45	664.95	324.35
1226	27	46	664.95	324.35
1227	27	47	664.95	323.7
1228	27	48	664.95	322.4
1229	27	49	664.95	321.75
1230	27	50	664.95	320.45
1231	27	51	664.95	321.75
1232	27	52	664.95	321.1
1233	27	53	664.95	321.75
1234	27	54	664.95	321.75
1235	27	55	664.95	320.45
1236	27	56	664.95	320.45
1237	27	57	664.95	321.75
1238	27	58	664.95	320.45
1239	27	59	664.95	321.1
1240	27	60	664.95	322.4
1241	27	61	664.95	320.45
1242	27	62	664.95	318.5
1243	27	63	664.95	319.15
1244	27	64	664.95	317.85
1245	27	65	664.95	318.5
1246	27	66	664.95	317.2
1247	27	67	664.95	316.55
1248	27	68	664.95	317.85
1249	27	69	664.95	316.55
1250	27	70	664.95	317.85
1251	27	71	664.95	317.2
1252	27	72	659.564	316.22900000000004
1253	27	73	659.6560000000001	315.85900000000004
1254	27	74	658.291	316.995
1255	27	75	659.057	316.536
1256	27	76	657.791	315.79900000000004
1257	27	77	658.181	315.143
1258	27	78	657.8689999999999	315.27
1259	27	79	656.5	316.658
1260	27	80	656.148	318.012
1261	27	81	657.217	316.325
1262	27	82	657.456	315.45599999999996
1263	27	83	658.1060000000001	314.177
1264	27	84	656.0039999999999	317.555
1265	27	85	657.467	317.55400000000003
1266	27	86	656.9110000000001	317.199
1267	27	87	655.793	316.611
1268	27	88	658.143	317.127
1269	27	89	655.248	317.717
1270	27	90	655.735	318.666
1271	27	91	654.016	318.908
1272	27	92	654.251	317.887
1273	27	93	654.595	316.749
1274	27	94	654.256	318.036
1275	27	95	654.511	318.447
1276	27	96	653.961	319.249
1277	29	5	125.72200000000001	388.619
1278	29	6	123.18	385.01800000000003
1279	29	7	120.18	383.06800000000004
1280	29	8	124.944	389.421
1281	29	9	110.37899999999999	371.226
1282	29	10	106.836	364.54400000000004
1283	29	11	109.41799999999999	367.469
1284	29	12	104.041	361.69699999999995
1285	29	13	112.11399999999999	369.48699999999997
1286	29	14	108.29899999999999	364.175
1287	29	15	109.197	364.832
1288	29	16	116.59700000000001	369.168
1289	29	17	116.34899999999999	369.51300000000003
1290	29	18	119.774	374.336
1291	29	19	123.4	380.528
1292	29	20	121.68	379.649
1293	29	21	121.77600000000001	381.09
1294	29	22	117.825	377.713
1295	29	23	120.26899999999999	373.34
1296	29	24	118.83200000000001	371.39099999999996
1297	29	25	118.77799999999999	368.634
1298	29	26	119.415	370.005
1299	29	27	118.08	370.01
1300	29	28	116.611	371.985
1301	29	29	117.236	371.435
1302	29	30	117.26700000000001	370.293
1303	29	31	116.575	371.754
1304	29	32	117.801	373.291
1305	29	33	117.59100000000001	373.621
1306	29	34	117.73700000000001	374.145
1307	29	35	120.774	374.267
1308	29	36	120.779	376.246
1309	29	37	124.727	377.037
1310	29	38	127.405	376.962
1311	29	39	121.14200000000001	375.655
1312	29	40	119.177	374.62699999999995
1313	29	41	122.286	375.986
1314	29	42	119.728	374.065
1315	29	43	119.209	373.10400000000004
1316	29	44	117.419	373.55400000000003
1317	29	45	114.02799999999999	372.515
1318	29	46	117.583	374.211
1319	29	47	121.66	374.776
1320	29	48	117.63	371.58099999999996
1321	29	49	120.52799999999999	373.56699999999995
1322	29	50	121.588	372.575
1323	29	51	115.8	370.091
1324	29	52	114.193	369.80400000000003
1325	29	53	112.262	370.091
1326	29	54	117.79299999999999	371.63
1327	29	55	114.374	369.91
1328	29	56	109.777	368.269
1329	29	57	112.795	369.70300000000003
1330	29	58	115.87700000000001	370.153
1331	31	5	515.409	558.385
1332	31	6	516.221	557.217
1333	31	7	516.477	558.447
1334	31	8	516.686	557.385
1335	31	9	515.875	558.389
1336	31	10	518.911	558.332
1337	31	11	517.184	559.604
1338	31	12	518.163	558.618
1339	31	13	515.326	556.7
1340	31	14	516.045	555.488
1341	31	15	514.297	553.702
1342	31	16	513.7719999999999	553.69
1343	31	17	512.816	553.22
1344	31	18	510.181	553.304
1345	31	19	512.814	552.67
1346	31	20	512.748	554.815
1347	31	21	515.8480000000001	554.82
1348	31	22	515.105	555.79
1349	31	23	516.435	555.689
1350	31	24	516.129	557.078
1351	31	25	516.558	556.9680000000001
1352	31	26	515.61	556.065
1353	31	27	513.319	558.9159999999999
1354	31	28	512.415	559.0
1355	31	29	515.726	557.654
1356	31	30	513.227	558.4540000000001
1357	31	31	512.639	558.063
1358	31	32	514.617	556.769
1359	31	33	511.309	557.87
1360	31	34	508.619	557.9169999999999
1361	31	35	512.5840000000001	557.692
1362	31	36	512.101	554.663
1363	31	37	512.523	550.378
1364	31	38	512.664	551.135
1365	31	39	512.72	552.072
1366	31	40	513.172	550.406
1367	31	41	516.74	550.414
1368	31	42	517.123	548.798
1369	31	43	519.889	547.004
1370	31	44	520.447	547.736
1371	31	45	520.668	546.4540000000001
1372	31	46	520.4680000000001	545.62
1373	31	47	525.4780000000001	542.784
1374	31	48	524.599	541.552
1375	33	11	89.213	528.275
1376	33	12	80.869	527.519
1377	33	14	93.932	522.6469999999999
1378	33	15	76.997	522.0269999999999
1379	33	16	95.962	519.686
1380	33	17	88.71700000000001	519.4209999999999
1381	33	18	79.945	518.982
1382	33	20	96.208	518.999
1383	33	21	100.96	520.202
1384	33	22	113.213	519.1469999999999
1385	33	23	121.848	516.452
1386	33	24	126.476	515.6709999999999
1387	33	25	134.57399999999998	511.75300000000004
1388	33	26	115.434	518.634
1389	33	27	95.493	524.34
1390	33	28	96.509	522.005
1391	33	29	96.15	521.092
1392	33	30	75.07600000000001	513.323
1393	33	32	83.677	519.768
1394	33	33	71.018	514.606
1395	33	34	72.12100000000001	514.058
1396	33	35	73.21	513.38
1397	34	13	319.143	226.562
1398	34	14	312.944	223.435
1399	34	15	300.26	222.358
1400	34	16	289.872	220.11700000000002
1401	34	17	284.83799999999997	222.084
1402	34	18	287.414	222.97799999999998
1403	34	19	282.638	222.657
1404	34	20	282.154	225.565
1405	34	21	280.807	228.89
1406	34	22	270.288	232.83700000000002
1407	34	23	274.08799999999997	231.025
1408	34	24	266.785	235.085
1409	34	25	258.04	236.15900000000002
1410	34	26	255.614	238.47
1411	34	27	245.22099999999998	245.301
1412	34	28	241.78900000000002	247.79
1413	34	29	238.368	249.875
1414	34	30	232.74400000000003	251.80700000000002
1415	34	31	235.025	253.226
1416	34	32	229.467	261.04
1417	34	33	230.71	258.757
1418	34	34	229.53900000000002	261.932
1419	34	35	235.149	256.17900000000003
1420	34	36	224.77599999999998	269.66
1421	34	37	227.767	265.377
1422	34	38	223.294	270.552
1423	34	39	223.43200000000002	267.975
1424	34	40	223.61700000000002	270.065
1425	34	41	215.715	278.853
1426	34	42	212.96200000000002	279.313
1427	34	43	212.148	280.367
1428	34	44	206.041	287.724
1429	34	45	205.549	287.543
1430	34	46	200.96200000000002	290.66200000000003
1431	34	47	196.97299999999998	298.207
1432	34	48	199.09	297.46
1433	34	49	197.977	300.182
1434	34	50	198.46	299.51
1435	34	51	196.40200000000002	307.784
1436	34	52	194.115	314.932
1437	34	53	191.333	327.782
1438	34	54	190.362	328.39099999999996
1439	34	55	188.282	334.05400000000003
1440	34	56	188.299	332.905
1441	34	57	190.47400000000002	329.923
1442	34	58	194.195	314.923
1443	34	59	194.085	313.681
1444	34	60	193.74900000000002	318.677
1445	34	61	190.26	333.061
1446	34	62	189.765	334.71
1447	34	63	191.446	330.517
1448	34	64	198.10299999999998	308.19
1449	34	65	198.09099999999998	307.166
1450	34	66	193.13299999999998	315.135
1451	34	67	190.56099999999998	318.865
1452	34	68	191.5	315.552
1453	34	69	193.09099999999998	307.816
1454	34	74	193.597	315.089
1455	34	75	192.653	317.043
1456	34	76	193.416	315.82099999999997
1457	34	77	194.04	315.971
1458	34	78	192.421	315.075
1459	34	79	193.998	316.974
1460	38	16	201.5	0.0
1461	38	17	200.2	0.0
1462	38	18	199.55	0.0
1463	38	21	203.45	0.0
1464	38	22	205.4	0.0
1465	38	23	204.75	0.0
1466	38	24	205.4	0.0
1467	38	25	204.1	0.0
1468	38	26	204.75	0.0
1469	38	27	206.05	0.0
1470	38	28	206.05	0.0
1471	38	29	203.628	6.8420000000000005
1472	38	30	204.201	7.845
1473	38	31	199.642	22.891
1474	38	32	199.19400000000002	28.967
1475	38	33	199.175	27.250999999999998
1476	38	34	199.743	25.693
1477	38	35	199.18900000000002	33.718
1478	38	36	200.00400000000002	40.185
1479	38	37	202.239	44.506
1480	38	38	202.278	44.45399999999999
1481	38	39	205.023	48.368
1482	38	40	210.73	54.162
1483	38	41	208.74400000000003	51.278
1484	38	42	214.649	56.28
1485	38	43	217.39700000000002	58.004
1486	38	44	215.549	55.497
1487	38	45	219.58599999999998	58.4
1488	38	46	222.574	61.216
1489	38	47	220.747	58.141000000000005
1490	38	48	223.085	57.847
1491	38	49	225.09799999999998	60.174
1492	38	50	225.465	58.693000000000005
1493	38	51	226.305	58.262
1494	38	52	229.558	60.652
1495	38	53	234.801	62.19
1496	38	54	235.889	63.375
1497	38	55	237.358	62.736999999999995
1498	38	56	235.104	61.343999999999994
1499	38	57	237.144	62.553999999999995
1500	38	58	240.06400000000002	63.565
1501	38	59	239.845	63.126999999999995
1502	38	60	239.067	62.88399999999999
1503	38	61	240.614	63.604
1504	38	62	246.222	65.24600000000001
1505	38	63	246.21200000000002	65.346
1506	38	64	244.577	64.857
1507	38	65	250.739	67.217
1508	38	66	244.567	64.866
1509	38	67	244.317	60.707
1510	38	68	244.297	59.791000000000004
1511	38	69	245.047	57.79
1512	38	70	240.046	54.102
1513	38	71	240.89700000000002	55.032
1514	38	72	245.37400000000002	55.356
1515	38	73	244.13299999999998	52.746
1516	38	74	246.514	53.335
1517	38	75	243.827	50.835
1518	38	76	247.055	52.876000000000005
1519	38	77	254.671	57.605
1520	38	78	254.899	54.076
1521	38	79	253.179	52.424
1522	38	80	254.93599999999998	54.071999999999996
1523	38	81	259.421	57.70399999999999
1524	38	82	256.334	55.726000000000006
1525	38	83	260.378	56.928999999999995
1526	38	84	259.612	56.778999999999996
1527	38	85	260.031	55.332
1528	38	86	259.249	54.18600000000001
1529	38	87	257.356	52.538000000000004
1530	38	88	259.719	51.714
1531	38	89	259.712	52.431999999999995
1532	38	90	248.889	44.356
1533	38	91	251.476	44.92100000000001
1534	38	92	246.988	40.023
1535	38	93	234.644	28.778000000000002
1536	40	20	380.82199999999995	582.375
1537	40	21	383.88599999999997	583.2
1538	40	22	385.778	583.952
1539	40	23	387.532	583.418
1540	40	24	389.93300000000005	583.3240000000001
1541	40	25	392.32099999999997	582.5369999999999
1542	40	26	393.46	581.304
1543	40	27	395.394	582.368
1544	40	28	396.598	582.1080000000001
1545	40	29	396.82199999999995	581.4159999999999
1546	40	30	398.228	579.794
1547	40	31	399.065	580.533
1548	40	32	400.44699999999995	579.7869999999999
1549	40	33	403.50800000000004	578.465
1550	40	34	404.176	578.4580000000001
1551	40	35	404.01	577.6669999999999
1552	40	40	412.838	575.1469999999999
1553	40	41	411.784	575.774
1554	40	42	411.81199999999995	576.8240000000001
1555	40	43	412.267	577.403
1556	40	44	414.043	576.558
1557	40	45	414.594	575.828
1558	40	46	415.41900000000004	575.2919999999999
1559	40	49	428.411	576.0980000000001
1560	40	50	428.095	576.164
1561	40	51	426.439	575.313
1562	43	27	322.697	233.6
1563	43	28	314.968	233.356
1564	43	29	310.099	234.172
1565	43	30	305.26099999999997	231.783
1566	43	31	302.874	232.09
1567	43	32	297.832	229.985
1568	43	33	294.215	231.86599999999999
1569	43	34	288.035	232.59900000000002
1570	43	37	283.45599999999996	234.65400000000002
1571	43	38	287.703	232.045
1572	43	41	286.572	233.128
1573	43	42	285.812	232.28400000000002
1574	43	43	281.74	235.646
1575	43	44	279.991	236.52200000000002
1576	43	45	276.877	237.05
1577	43	46	271.791	240.011
1578	43	47	264.149	245.46400000000003
1579	43	48	257.712	252.03
1580	43	49	247.76	259.33799999999997
1581	43	50	239.412	265.337
1582	43	51	235.33	267.236
1583	43	52	228.96099999999998	270.736
1584	43	53	225.838	273.4
1585	43	54	221.37599999999998	278.488
1586	43	55	217.202	280.528
1587	43	56	213.041	284.534
1588	43	57	206.351	289.067
1589	43	58	204.68900000000002	293.444
1590	43	59	207.516	292.449
1591	43	60	208.424	291.6
1592	43	61	207.373	294.732
1593	44	28	118.29	360.54400000000004
1594	44	29	124.302	362.01800000000003
1595	44	30	125.508	362.004
1596	44	31	124.28299999999999	361.908
1597	44	32	126.045	361.944
1598	44	33	125.215	361.03
1599	44	34	125.73200000000001	360.733
1600	44	35	123.71700000000001	359.91900000000004
1601	44	36	124.15100000000001	359.43699999999995
1602	44	37	128.843	357.38
1603	44	38	130.363	358.226
1604	44	39	127.396	358.13
1605	44	40	127.152	358.69300000000004
1606	44	41	130.6	357.534
1607	44	42	127.794	357.07800000000003
1608	44	43	130.864	358.07300000000004
1609	44	44	134.796	357.349
1610	44	45	127.89	358.19300000000004
1611	44	46	135.372	358.50800000000004
1612	44	47	131.888	357.555
1613	44	48	128.485	357.824
1614	44	49	134.21200000000002	358.02099999999996
1615	44	51	124.509	357.031
1616	44	52	126.205	357.337
1617	44	53	130.879	357.66900000000004
1618	44	54	131.72299999999998	358.478
1619	44	55	131.352	357.525
1620	44	56	128.62	358.30400000000003
1621	44	57	128.194	357.347
1622	44	58	133.69799999999998	357.56800000000004
1623	44	59	131.907	358.037
1624	44	60	129.474	358.129
1625	44	61	132.263	357.98800000000006
1626	44	62	132.539	356.751
1627	44	63	129.666	357.57099999999997
1628	44	64	130.37	357.05300000000005
1629	44	65	130.958	357.32099999999997
1630	44	66	127.12899999999999	356.911
1631	44	67	130.291	357.785
1632	44	68	130.303	358.079
1633	44	69	132.542	357.293
1634	44	70	133.827	357.29
1635	44	71	131.062	359.542
1636	44	72	132.96	358.3
1637	44	73	129.555	356.60699999999997
1638	44	74	133.629	358.033
1639	44	75	126.73299999999999	357.805
1640	44	76	131.711	358.406
1641	44	77	137.02	358.728
1642	44	78	133.327	357.49199999999996
1643	44	79	137.74200000000002	358.061
1644	44	80	129.74200000000002	358.695
1645	44	82	129.403	357.026
1646	44	83	136.842	357.30699999999996
1647	44	84	139.483	358.156
1648	44	85	140.618	357.124
1649	44	86	143.505	358.26300000000003
1650	44	91	141.536	357.843
1651	44	92	143.703	357.969
1652	44	93	138.624	355.381
1653	44	94	139.461	357.666
1654	44	95	146.17	357.81300000000005
1655	44	96	146.06	358.648
1656	49	36	278.85	0.0
1657	49	37	279.5	0.0
1658	49	38	280.15	0.0
1659	49	41	281.45	0.0
1660	49	42	280.15	0.0
1661	49	43	280.832	1.349
1662	49	44	283.214	8.321
1663	49	45	284.509	9.38
1664	49	46	283.621	8.057
1665	49	47	283.906	9.755
1666	49	48	285.764	12.498
1667	49	49	287.127	13.877
1668	49	50	288.842	18.305
1669	49	51	290.007	19.907
1670	49	52	289.1	20.355
1671	49	53	289.97900000000004	21.35
1672	49	54	289.254	20.83
1673	49	55	287.906	19.851
1674	49	56	288.64599999999996	19.465999999999998
1675	49	57	289.922	21.101999999999997
1676	49	58	289.176	18.679000000000002
1677	49	59	292.122	24.47
1678	49	60	293.60200000000003	26.726
1679	49	61	293.997	25.392
1680	49	62	299.24	22.566
1681	49	63	296.127	25.633000000000003
1682	49	64	296.469	23.503
1683	49	65	296.325	25.4
1684	49	66	302.677	24.156999999999996
1685	49	67	304.069	24.319000000000003
1686	49	69	305.166	23.849
1687	49	70	303.699	23.656999999999996
1688	49	71	307.85900000000004	25.021
1689	49	72	304.285	24.371
1690	49	73	307.908	23.616
1691	49	74	307.96299999999997	22.107
1692	49	75	303.538	23.296999999999997
1693	49	76	303.769	20.41
1694	49	77	304.339	19.598
1695	49	78	302.487	19.218
1696	49	79	305.974	15.892999999999999
1697	49	80	310.689	12.807
1698	49	81	311.249	11.663
1699	49	82	309.64099999999996	10.924000000000001
1700	49	83	312.335	12.968
1701	49	84	306.932	14.604000000000001
1702	49	85	309.728	10.838
1703	49	86	312.0	13.65
1704	49	87	309.73	12.968
1705	49	88	311.47	17.825
1706	49	89	310.526	13.514000000000001
1707	49	90	314.05	15.913
1708	49	91	309.423	14.242
1709	49	92	309.60900000000004	14.462
1710	49	93	309.952	10.542
1711	49	94	307.782	10.932
1712	50	36	218.332	127.82799999999999
1713	50	37	218.138	128.674
1714	50	38	218.78599999999997	110.315
1715	50	39	204.743	99.259
1716	50	40	203.213	95.82700000000001
1717	50	41	199.81900000000002	92.854
1718	50	42	185.582	81.053
1719	50	43	190.46	86.14399999999999
1720	50	44	193.313	86.59700000000001
1721	50	45	188.41400000000002	83.52799999999999
1722	50	46	192.136	86.928
1723	50	47	188.548	83.758
1724	50	48	189.19299999999998	82.958
1725	50	49	188.753	85.445
1726	50	50	188.206	82.182
1727	50	51	186.622	81.883
1728	50	52	185.74099999999999	81.859
1729	50	53	187.209	85.166
1730	50	54	186.377	83.477
1731	50	55	184.15900000000002	79.39699999999999
1732	50	56	178.696	82.012
1733	50	57	183.71599999999998	80.454
1734	50	58	182.412	80.76899999999999
1735	50	59	181.144	80.33800000000001
1736	50	60	182.562	83.046
1737	50	61	184.94299999999998	84.67299999999999
1738	50	62	186.577	87.274
1739	50	63	187.357	88.686
1740	50	64	192.71	89.898
1741	62	52	315.25	27.95
1742	62	53	314.934	27.217
1743	62	54	313.753	25.494
1744	62	55	314.6	26.0
1745	62	56	315.07599999999996	27.134
1746	62	58	315.047	27.248
1747	62	59	315.064	27.017
1748	62	60	314.488	27.752
1749	62	61	313.785	24.87
1750	62	62	310.745	22.385
1751	62	67	296.33	23.037
1752	62	68	299.782	24.828000000000003
1753	62	69	298.528	23.916999999999998
1754	62	71	298.964	25.558000000000003
1755	62	72	301.022	24.814
1756	62	73	299.96299999999997	27.168000000000003
1757	66	57	664.95	372.45
1758	66	58	660.26	372.89
1759	66	59	653.76	373.026
1760	66	60	654.736	375.407
1761	66	61	656.164	375.069
1762	66	62	648.182	374.81699999999995
1763	66	63	636.891	376.175
1764	66	64	627.081	376.235
1765	66	65	623.316	374.976
1766	66	66	613.0269999999999	373.11199999999997
1767	66	67	614.308	373.278
1768	66	68	607.163	372.925
1769	66	69	611.721	373.73800000000006
1770	66	70	611.014	375.186
1771	66	71	618.0	376.829
1772	66	72	626.155	377.51
1773	66	73	632.496	377.935
1774	66	74	635.115	379.526
1775	66	75	636.0790000000001	381.67900000000003
1776	66	76	639.507	380.332
1777	66	77	640.987	382.256
1778	66	78	631.221	380.944
1779	66	79	624.596	382.375
1780	66	80	615.946	381.894
1781	66	81	605.742	380.48800000000006
1782	66	82	600.242	378.283
1783	66	83	594.905	376.51300000000003
1784	66	84	590.506	375.723
1785	66	85	594.175	376.866
1786	66	86	603.322	379.019
1787	66	88	603.888	381.49
1788	66	89	608.719	382.91
1789	66	90	613.552	384.69699999999995
1790	66	91	621.569	384.966
1791	66	93	628.771	384.32
1792	66	94	635.289	385.102
1793	66	95	632.789	386.60400000000004
1794	68	58	55.012	507.21
1795	68	59	58.441	509.837
1796	68	64	62.74	508.653
1797	68	65	51.493	506.936
1798	68	69	49.799	508.67699999999996
1799	68	70	65.428	508.173
1800	68	71	59.698	509.719
1801	68	72	51.103	530.538
1802	68	73	59.156000000000006	529.177
1803	68	74	48.772	528.691
1804	68	75	50.74	533.7040000000001
1805	68	76	48.227	538.724
1806	68	77	58.398999999999994	547.9169999999999
1807	68	79	60.843	552.6080000000001
1808	68	80	60.794	552.191
1809	68	81	63.586999999999996	554.582
1810	68	82	61.678999999999995	563.83
