	TRACK_ID	FRAME	POSITION_X	POSITION_Y
0	3	0	664.95	309.4
1	3	1	661.1310000000001	306.205
2	3	2	658.495	303.66200000000003
3	3	3	658.937	306.362
4	3	4	657.966	307.991
5	3	5	659.0089999999999	308.039
6	3	6	657.7560000000001	307.425
7	3	7	657.7080000000001	308.809
8	3	8	657.546	308.497
9	3	9	656.073	306.495
10	3	10	654.942	305.465
11	3	11	655.429	305.966
12	3	12	657.7280000000001	306.76599999999996
13	3	13	655.139	306.678
14	3	14	658.715	310.629
15	3	16	656.832	309.426
16	3	17	655.8560000000001	307.253
17	3	18	654.227	305.836
18	3	19	655.119	308.932
19	3	20	656.427	309.914
20	3	21	654.7869999999999	309.44
21	3	22	655.92	310.654
22	3	23	654.0219999999999	309.322
23	3	24	655.672	312.067
24	3	25	655.15	310.835
25	3	26	655.138	310.83799999999997
26	3	27	656.557	312.811
27	3	28	656.942	311.263
28	3	29	654.784	312.82099999999997
29	3	30	655.8389999999999	314.814
30	3	31	654.8240000000001	313.175
31	3	32	654.779	314.111
32	3	33	655.547	312.872
33	3	34	654.899	315.052
34	3	35	655.5239999999999	315.186
35	3	36	654.265	315.491
36	3	37	654.0169999999999	315.91900000000004
37	3	38	654.681	313.922
38	3	39	654.302	316.018
39	3	40	654.256	314.366
40	3	41	653.9630000000001	315.27099999999996
41	3	42	654.683	316.404
42	3	43	654.53	317.274
43	3	44	654.363	321.32099999999997
44	3	45	653.939	317.688
45	3	46	653.126	318.339
46	3	47	654.25	319.308
47	3	48	652.341	317.414
48	3	49	652.601	317.02299999999997
49	3	50	653.6030000000001	316.22700000000003
50	3	51	652.764	318.172
51	3	52	652.4580000000001	318.973
52	3	53	652.732	321.684
53	3	54	653.019	321.438
54	3	55	653.005	321.707
55	3	56	653.629	321.81
56	3	57	654.763	320.812
57	3	58	653.793	318.992
58	3	59	653.0459999999999	321.39599999999996
59	3	60	651.674	324.159
60	3	61	651.5790000000001	325.165
61	3	62	652.145	323.441
62	3	63	651.182	323.506
63	3	64	653.367	324.77299999999997
64	3	65	653.369	324.993
65	3	66	652.169	324.562
66	3	67	654.72	321.879
67	3	68	651.927	326.779
68	3	69	652.7769999999999	327.17900000000003
69	3	70	652.977	326.754
70	3	71	652.765	324.241
71	3	72	651.8430000000001	327.427
72	3	73	652.802	326.52099999999996
73	3	74	653.159	331.981
74	3	75	654.976	326.732
75	3	76	653.86	329.684
76	3	77	653.215	331.195
77	3	78	653.694	324.952
78	3	79	653.9680000000001	332.009
79	3	80	654.68	328.481
80	3	81	653.523	335.657
81	3	82	652.384	335.12
82	3	83	653.288	328.142
83	3	84	652.73	336.03
84	3	85	654.028	331.343
85	3	86	654.758	338.30800000000005
86	3	87	654.966	323.064
87	3	88	653.754	334.426
88	3	89	655.675	328.43699999999995
89	3	90	655.273	321.577
90	3	91	654.863	332.661
91	3	92	655.322	332.585
92	3	93	654.519	328.13
93	3	94	655.465	328.86400000000003
94	3	95	655.3910000000001	329.162
95	3	96	655.538	326.795
96	9	0	139.19299999999998	408.973
97	9	1	136.14700000000002	406.852
98	9	2	137.444	409.37300000000005
99	9	3	146.166	419.17400000000004
100	9	4	152.264	425.23900000000003
101	9	5	151.836	425.541
102	9	6	153.73	427.38
103	9	7	147.033	420.42400000000004
104	9	8	144.359	418.717
105	9	9	143.889	418.042
106	9	10	141.119	414.083
107	9	11	142.157	417.45
108	9	12	140.424	414.88
109	9	13	138.664	414.648
110	9	14	139.22899999999998	416.449
111	9	15	137.91	416.75300000000004
112	9	16	138.685	416.834
113	9	17	139.814	416.515
114	9	18	139.251	420.634
115	9	19	142.825	425.184
116	9	20	144.547	427.235
117	9	21	147.09	429.80300000000005
118	9	22	149.808	432.57
119	9	23	148.636	432.255
120	9	24	148.97	433.22
121	9	25	150.971	432.92400000000004
122	9	26	149.445	431.20599999999996
123	9	27	148.376	430.584
124	9	28	149.086	430.556
125	9	29	149.27100000000002	431.406
126	9	30	150.15200000000002	433.958
127	9	31	152.561	435.852
128	9	32	155.752	437.644
129	9	33	159.79399999999998	440.899
130	9	34	160.76	443.81699999999995
131	9	35	159.204	442.836
132	9	36	158.821	443.43199999999996
133	9	37	158.121	443.264
134	9	38	156.273	441.156
135	9	39	153.08700000000002	436.776
136	9	40	151.391	434.972
137	9	41	147.382	431.69300000000004
138	9	42	148.46200000000002	432.667
139	9	43	153.9	437.75
140	9	44	157.528	442.11800000000005
141	9	45	162.425	444.509
142	9	46	167.782	448.413
143	9	47	169.85	450.148
144	9	48	168.166	447.787
145	9	49	164.535	447.444
146	9	50	161.42700000000002	444.32199999999995
147	9	51	157.60399999999998	442.042
148	9	52	159.778	443.19699999999995
149	9	53	164.05900000000003	446.44300000000004
150	9	54	172.30599999999998	451.36699999999996
151	9	55	177.335	455.577
152	9	56	178.452	455.744
153	9	57	173.62900000000002	452.50800000000004
154	9	58	170.525	450.005
155	9	59	169.834	448.977
156	9	60	170.1	450.42
157	9	61	171.015	450.80199999999996
158	9	62	170.516	449.82
159	9	63	170.745	449.76099999999997
160	9	64	169.84599999999998	451.19800000000004
161	9	65	170.035	452.211
162	9	66	170.231	450.845
163	9	67	172.217	452.05699999999996
164	9	68	172.195	450.986
165	9	69	173.25400000000002	452.616
166	9	70	174.49599999999998	453.69199999999995
167	9	71	175.18200000000002	453.82
168	9	72	172.487	452.467
169	9	73	171.095	449.17800000000005
170	9	74	170.826	451.3
171	9	75	170.429	451.211
172	9	76	171.606	450.43800000000005
173	9	77	170.31400000000002	450.43699999999995
174	9	78	170.69299999999998	451.194
175	9	79	172.392	452.171
176	9	80	177.229	456.699
177	9	81	178.639	458.022
178	9	82	177.452	458.24699999999996
179	9	83	177.17	458.11
180	9	84	178.643	455.22900000000004
181	9	85	179.169	454.61199999999997
182	9	86	178.416	454.973
183	9	87	178.489	454.309
184	9	88	177.93099999999998	456.866
185	9	89	178.732	455.35699999999997
186	9	90	177.44400000000002	457.105
187	9	91	178.425	456.07099999999997
188	9	92	179.542	453.809
189	9	93	180.40200000000002	453.551
190	9	94	180.12	454.032
191	9	95	180.84799999999998	453.561
192	9	96	180.27	456.164
193	11	0	212.877	454.921
194	11	1	215.56	459.899
195	11	2	212.65200000000002	455.74699999999996
196	11	3	214.074	456.51099999999997
197	11	4	217.206	462.30800000000005
198	11	5	218.89	468.343
199	11	6	222.108	476.68699999999995
200	11	7	220.00799999999998	474.902
201	11	8	219.451	472.85400000000004
202	11	9	220.0	473.069
203	11	10	215.993	471.454
204	11	11	217.467	470.415
205	11	12	216.657	467.44800000000004
206	11	13	216.05900000000003	465.17199999999997
207	11	14	214.85299999999998	459.33099999999996
208	11	15	212.96200000000002	457.93
209	11	16	211.622	455.18699999999995
210	11	17	211.12099999999998	449.05699999999996
211	11	18	209.653	442.298
212	11	19	209.291	440.772
213	11	20	209.248	438.279
214	11	21	210.386	442.501
215	11	22	212.112	447.783
216	11	23	213.127	454.551
217	11	24	214.09099999999998	462.385
218	11	25	215.19099999999997	470.726
219	11	26	216.037	470.19
220	11	27	216.157	469.70599999999996
221	11	28	216.12599999999998	470.912
222	11	29	216.293	470.00699999999995
223	11	30	213.62400000000002	459.426
224	11	31	212.753	452.93300000000005
225	11	32	211.076	447.12699999999995
226	11	33	210.877	449.038
227	11	34	211.612	447.42699999999996
228	11	35	210.514	440.624
229	11	36	209.403	436.001
230	11	37	210.967	449.483
231	11	38	212.142	457.55800000000005
232	11	39	214.908	463.39599999999996
233	11	40	216.92700000000002	466.033
234	11	41	214.868	462.124
235	11	42	214.38400000000001	456.714
236	11	43	213.22	452.05300000000005
237	11	44	212.61599999999999	450.186
238	11	45	212.31900000000002	450.73199999999997
239	11	46	211.768	450.944
240	11	47	211.41299999999998	453.35900000000004
241	11	48	211.826	456.939
242	11	49	213.727	461.37
243	11	50	213.673	460.83099999999996
244	11	51	215.62400000000002	463.789
245	11	52	216.403	464.39599999999996
246	11	53	216.024	461.289
247	11	54	216.83599999999998	446.845
248	11	55	215.331	443.131
249	11	56	216.71400000000003	444.525
250	11	57	217.657	458.32
251	11	58	220.21400000000003	466.278
252	11	59	220.78799999999998	468.32199999999995
253	11	60	221.43099999999998	467.26800000000003
254	11	61	219.894	462.027
255	11	62	219.706	457.46
256	11	63	220.8	454.626
257	11	64	220.226	453.85400000000004
258	11	65	220.21200000000002	459.99800000000005
259	11	66	221.05900000000003	464.478
260	11	67	221.71400000000003	467.506
261	11	68	220.428	468.23800000000006
262	11	69	221.36900000000003	467.676
263	11	70	221.24	465.286
264	11	71	220.412	462.288
265	11	72	221.013	464.048
266	11	73	219.313	456.233
267	11	74	217.5	452.226
268	11	75	217.83900000000003	452.663
269	11	76	217.128	449.403
270	11	77	217.63400000000001	452.67400000000004
271	11	78	214.915	450.04
272	11	79	220.843	457.028
273	11	80	219.995	459.278
274	11	81	222.42700000000002	457.251
275	11	82	222.363	455.556
276	11	83	222.438	457.49
277	11	84	219.355	452.00300000000004
278	11	85	218.796	450.774
279	11	86	219.5	450.855
280	11	87	219.832	448.912
281	11	88	221.38099999999997	448.564
282	11	89	217.975	445.778
283	11	90	214.893	443.2
284	11	91	207.10299999999998	422.723
285	11	92	208.188	421.231
286	11	93	211.767	404.852
287	13	0	391.332	18.499000000000002
288	13	1	391.543	19.194000000000003
289	13	2	390.67199999999997	19.992
290	13	3	383.474	17.761
291	13	4	384.435	20.359
292	13	5	383.041	16.207
293	13	6	380.591	15.412
294	13	7	380.409	15.009
295	13	8	380.09	16.772000000000002
296	13	9	380.171	17.827
297	13	10	378.56300000000005	18.047
298	13	11	377.42900000000003	18.38
299	13	12	376.116	18.337
300	13	13	374.741	17.225
301	13	14	375.63300000000004	18.08
302	13	15	374.517	19.259
303	13	16	376.06699999999995	22.621
304	13	17	375.296	23.381999999999998
305	13	18	374.711	25.436999999999998
306	13	19	373.915	25.918000000000003
307	13	20	374.01800000000003	26.772
308	13	21	372.86699999999996	28.03
309	13	22	366.499	30.85
310	13	23	358.769	40.818000000000005
311	13	24	356.898	45.691
312	13	26	362.973	43.59
313	13	27	363.199	42.748000000000005
314	13	28	367.342	45.93
315	13	29	368.18800000000005	49.268
316	13	30	369.478	50.7
317	13	31	369.99300000000005	51.26
318	13	32	370.76199999999994	53.169
319	13	33	370.468	53.898999999999994
320	13	34	371.361	54.301
321	13	35	371.17800000000005	54.144
322	13	36	371.46	54.869
323	13	37	369.668	55.388999999999996
324	13	38	370.287	55.521
325	13	39	368.721	54.519
326	13	40	369.106	55.626000000000005
327	13	41	368.1	55.507
328	13	42	367.82599999999996	55.91
329	13	43	365.217	54.769
330	13	44	365.222	54.019
331	13	45	364.57099999999997	53.229
332	13	46	364.68199999999996	53.898999999999994
333	13	47	363.157	52.669
334	13	48	364.25199999999995	52.355
335	13	49	363.36800000000005	52.06100000000001
336	13	50	365.171	52.258
337	13	51	367.68	54.828
338	13	52	365.63	54.278999999999996
339	13	53	365.226	56.155
340	13	54	365.006	55.383
341	13	55	363.595	56.41
342	13	56	364.899	55.685
343	13	57	365.25800000000004	55.928999999999995
344	13	58	365.62300000000005	55.486999999999995
345	13	59	365.73199999999997	53.622
346	13	60	367.98800000000006	55.468
347	13	61	364.45099999999996	55.207
348	13	62	365.825	55.596000000000004
349	13	63	365.57599999999996	55.787
350	13	64	365.217	55.443000000000005
351	13	65	364.962	57.93
352	13	66	366.973	56.583999999999996
353	13	67	366.82599999999996	58.272
354	13	68	366.61	57.268
355	13	69	365.31199999999995	56.938
356	13	70	366.161	57.586999999999996
357	13	71	364.715	56.291000000000004
358	13	72	364.917	57.025
359	13	73	365.164	55.795
360	13	74	364.111	57.208
361	13	75	364.515	56.62
362	13	76	364.908	55.188
363	13	77	363.846	57.29
364	13	78	363.523	57.902
365	13	79	363.246	56.747
366	13	80	363.631	56.858000000000004
367	13	81	364.083	57.683
368	13	82	363.454	58.416000000000004
369	13	83	363.50199999999995	58.765
370	13	84	364.719	57.986000000000004
371	13	85	362.68300000000005	57.028999999999996
372	13	86	363.852	56.835
373	13	87	365.25699999999995	56.669
374	13	88	364.066	58.036
375	13	89	364.49699999999996	57.496
376	13	90	363.73900000000003	57.702
377	13	91	364.48800000000006	57.295
378	13	92	365.48900000000003	57.449
379	13	93	365.528	57.063
380	13	94	364.45	56.852
381	13	95	365.189	57.181000000000004
382	13	96	366.74	57.4
383	17	0	382.315	35.146
384	17	1	383.166	38.158
385	17	2	383.539	39.385
386	17	3	378.827	37.77
387	17	4	377.006	39.1
388	17	5	378.361	33.016999999999996
389	17	6	376.663	32.51
390	17	7	374.376	32.408
391	17	8	373.25199999999995	34.16
392	17	9	371.986	33.269
393	17	10	369.75800000000004	34.254
394	17	11	368.76300000000003	35.464
395	17	12	369.111	36.296
396	17	13	368.30300000000005	35.817
397	17	14	371.158	36.071999999999996
398	17	15	369.056	36.955
399	17	16	369.185	38.595
400	17	17	368.87800000000004	39.775
401	17	18	368.523	41.12
402	17	19	368.856	42.416000000000004
403	17	20	369.074	42.744
404	17	21	369.423	42.441
405	17	22	365.98699999999997	47.747
406	17	23	367.769	46.04
407	17	24	366.478	50.138999999999996
408	17	25	369.57300000000004	49.856
409	17	26	371.13599999999997	48.208999999999996
410	18	0	360.72	37.978
411	18	1	361.93300000000005	39.832
412	18	2	360.42199999999997	36.817
413	18	3	358.87	41.11
414	18	4	356.728	43.798
415	18	5	356.17900000000003	44.038000000000004
416	18	6	357.464	48.54600000000001
417	18	7	356.329	57.762
418	18	8	356.102	59.42100000000001
419	18	9	356.865	59.92100000000001
420	18	10	354.36300000000006	66.1
421	18	11	351.98199999999997	70.281
422	18	12	347.801	74.04
423	18	13	347.467	74.67699999999999
424	18	14	346.586	72.717
425	18	15	345.181	67.132
426	18	16	344.67400000000004	64.517
427	18	17	343.152	57.905
428	18	18	341.45599999999996	54.275
429	18	19	340.26	51.049
430	18	20	339.327	47.766999999999996
431	18	21	338.411	46.946999999999996
432	18	22	338.004	48.293
433	18	23	337.858	51.836000000000006
434	18	24	336.605	54.477
435	18	25	336.978	55.49
436	18	26	337.231	58.423
437	18	27	335.908	57.011
438	18	28	335.95	56.02
439	18	29	334.265	54.203
440	18	30	333.914	53.388000000000005
441	18	31	333.527	54.042
442	18	32	333.155	53.751999999999995
443	18	33	332.009	54.168
444	18	34	332.204	54.831
445	18	35	331.879	55.243
446	18	36	330.421	53.81100000000001
447	18	37	329.624	52.59
448	18	38	329.124	54.465
449	18	39	329.01599999999996	52.978
450	18	40	328.223	54.13399999999999
451	18	41	327.98900000000003	54.361000000000004
452	18	42	328.148	55.523999999999994
453	18	43	327.555	54.445
454	18	44	326.568	54.559
455	18	45	326.368	55.163000000000004
456	18	46	325.908	53.986000000000004
457	18	47	325.351	53.06100000000001
458	18	48	325.315	54.669
459	18	49	324.307	57.152
460	18	50	324.66900000000004	58.908
461	18	51	324.242	58.099
462	18	52	323.913	61.129
463	18	53	323.28700000000003	63.442
464	18	54	322.806	60.949
465	18	55	322.513	62.093
466	19	0	236.545	39.507
467	19	1	234.89700000000002	40.045
468	19	2	232.017	39.271
469	19	3	231.197	37.861999999999995
470	19	4	231.68099999999998	37.764
471	19	5	233.44099999999997	38.503
472	19	6	233.315	37.762
473	19	7	235.99099999999999	38.588
474	19	8	232.40200000000002	34.708
475	19	9	234.963	34.591
476	19	10	234.66099999999997	33.988
477	19	11	234.429	32.515
478	19	12	234.945	33.648
479	19	13	236.291	33.616
480	19	14	233.9	32.605
481	19	15	234.132	32.704
482	19	16	236.467	34.996
483	19	17	239.165	36.17
484	19	18	238.47	34.703
485	19	19	237.14700000000002	33.092
486	19	20	235.502	30.846999999999998
487	19	21	234.507	32.232
488	19	22	233.32299999999998	30.866
489	19	23	231.308	29.353
490	19	24	227.767	27.031999999999996
491	19	25	226.94099999999997	25.046999999999997
492	19	26	225.959	23.625
493	19	27	224.105	22.054000000000002
494	19	28	222.822	19.407
495	19	29	219.62599999999998	16.278
496	19	30	217.965	14.04
497	19	31	216.37099999999998	11.294
498	19	32	215.917	9.581
499	19	33	216.24400000000003	9.546
500	19	34	217.334	10.036
501	19	35	217.75	9.0
502	19	36	216.935	9.484
503	19	37	216.93099999999998	8.459
504	19	38	216.50099999999998	9.059
505	19	39	208.0	0.0
506	19	40	206.7	0.0
507	19	41	207.35	0.0
508	19	42	206.7	0.0
509	19	43	208.0	0.0
510	20	0	653.457	47.793
511	20	1	652.953	49.886
512	20	2	652.425	53.745
513	20	3	651.841	54.794
514	20	4	651.447	52.583
515	20	5	650.36	45.138999999999996
516	20	6	650.029	40.641999999999996
517	20	7	647.217	40.625
518	20	8	647.8240000000001	37.817
519	20	9	648.006	36.958
520	20	10	646.3969999999999	38.998000000000005
521	20	11	647.198	38.907
522	20	12	646.388	41.232
523	20	13	645.685	42.049
524	20	14	647.275	44.288999999999994
525	20	15	645.943	38.687
526	20	16	647.931	40.336999999999996
527	20	17	649.266	33.31
528	20	18	650.552	37.408
529	20	19	650.503	28.27
530	20	20	651.875	22.853
531	20	21	651.423	20.221
532	20	22	651.6	16.333
533	20	23	651.0269999999999	16.656
534	20	24	651.315	18.358
535	20	25	651.485	20.519000000000002
536	20	26	650.919	23.524
537	20	27	649.153	29.086
538	20	28	650.2909999999999	29.405
539	20	29	651.342	27.36
540	20	30	651.477	24.804000000000002
541	20	31	652.039	21.004
542	20	32	650.986	21.438000000000002
543	20	33	650.922	21.979
544	20	34	651.123	17.712
545	20	35	650.414	14.843
546	20	36	650.4019999999999	14.005999999999998
547	20	37	650.962	13.208
548	20	38	650.7819999999999	12.937000000000001
549	20	39	650.7180000000001	17.34
550	20	40	652.6080000000001	14.853
551	20	41	652.196	14.513
552	20	42	651.269	14.844000000000001
553	20	43	650.307	15.058
554	20	44	649.839	14.249
555	20	45	649.293	11.776
556	20	47	649.181	8.831
557	20	48	649.466	5.327000000000001
558	20	49	649.35	0.0
559	27	10	262.712	210.743
560	27	11	266.79900000000004	212.231
561	27	12	264.811	220.093
562	27	13	273.802	226.705
563	27	14	277.834	222.71599999999998
564	27	15	273.374	219.442
565	27	16	270.94599999999997	219.27
566	27	17	271.539	221.208
567	27	18	268.79900000000004	219.29
568	27	19	263.91900000000004	212.928
569	27	20	257.468	209.512
570	27	21	249.03400000000002	204.16099999999997
571	27	22	243.021	200.555
572	27	23	238.94799999999998	198.667
573	27	24	235.143	195.50799999999998
574	27	25	240.11599999999999	199.472
575	27	26	241.62900000000002	199.40599999999998
576	27	27	241.77	199.9
577	27	28	241.91	199.774
578	27	29	241.93599999999998	199.87900000000002
579	27	30	242.136	200.084
580	27	31	242.36	199.96
581	27	32	242.421	200.035
582	27	33	242.56900000000002	200.015
583	27	34	242.674	200.137
584	27	35	242.747	200.028
585	27	36	242.675	200.225
586	27	37	242.91400000000002	200.313
587	27	38	242.952	200.63299999999998
588	27	39	243.02900000000002	199.81900000000002
589	27	40	243.15900000000002	200.88
590	27	41	242.84900000000002	201.24599999999998
591	27	42	243.36700000000002	201.042
592	27	43	243.468	200.64700000000002
593	27	44	243.18099999999998	200.78099999999998
594	27	45	243.05	200.395
595	27	46	244.34	200.41
596	27	47	245.084	200.53099999999998
597	27	48	245.468	199.783
598	27	49	247.674	200.99
599	27	50	247.885	200.94299999999998
600	27	51	248.218	201.042
601	27	52	248.391	201.572
602	27	53	248.18900000000002	202.795
603	27	54	248.50599999999997	201.916
604	27	55	248.37	201.74
605	27	56	248.44400000000002	201.921
606	27	57	248.33900000000003	202.0
607	27	58	248.217	202.21599999999998
608	27	59	248.667	201.446
609	27	60	248.56599999999997	201.852
610	27	61	248.394	202.10299999999998
611	27	62	248.52599999999998	201.705
612	27	63	248.892	201.764
613	27	64	248.91400000000002	201.755
614	27	65	248.47400000000002	203.12400000000002
615	27	66	248.701	202.225
616	27	67	248.947	201.66
617	27	68	248.982	201.16099999999997
618	27	69	249.02200000000002	201.32299999999998
619	27	70	249.13400000000001	201.555
620	27	71	249.195	201.05900000000003
621	27	72	249.125	201.774
622	27	73	249.285	200.4
623	27	74	249.03900000000002	201.88299999999998
624	27	75	249.204	201.649
625	27	76	249.53	200.14
626	27	77	249.326	201.718
627	27	78	249.468	200.761
628	27	79	249.468	201.043
629	27	80	249.514	201.105
630	27	81	249.625	201.352
631	27	82	249.52	201.71
632	27	83	249.179	202.641
633	27	84	249.55200000000002	201.611
634	27	85	249.503	201.73
635	27	86	249.362	201.296
636	27	87	249.68099999999998	201.206
637	27	88	249.226	201.79
638	27	89	249.19799999999998	201.511
639	27	90	248.763	202.25900000000001
640	27	91	248.92700000000002	201.766
641	27	92	248.95	200.90200000000002
642	27	93	248.886	200.725
643	27	94	248.78900000000002	201.083
644	27	95	249.07	201.025
645	27	96	249.043	201.043
646	31	14	156.534	385.392
647	31	15	153.143	384.708
648	31	16	148.124	383.94800000000004
649	31	17	145.36700000000002	382.657
650	31	18	154.188	380.106
651	31	19	156.114	380.336
652	31	20	156.138	380.431
653	31	21	150.638	381.486
654	31	22	146.503	381.81
655	31	23	143.089	381.781
656	31	24	140.128	381.661
657	31	25	139.958	380.11300000000006
658	31	26	135.893	377.86300000000006
659	31	27	142.843	377.728
660	31	28	147.566	379.01800000000003
661	31	30	142.915	380.361
662	31	31	143.17700000000002	380.676
663	31	32	145.661	381.28
664	31	33	142.47299999999998	381.69599999999997
665	31	34	143.412	384.241
666	31	35	146.139	384.73900000000003
667	31	36	146.304	386.105
668	31	37	147.813	385.82800000000003
669	31	38	142.46200000000002	384.088
670	31	39	138.96200000000002	376.671
671	31	41	124.787	363.38300000000004
672	31	42	119.023	368.93699999999995
673	31	43	120.426	367.684
674	31	45	125.772	358.45599999999996
675	31	46	129.394	360.63199999999995
676	31	48	138.803	362.13199999999995
677	31	49	133.72899999999998	362.217
678	31	50	137.863	362.351
679	31	51	132.597	362.079
680	31	52	137.528	364.586
681	31	53	133.22	363.108
682	31	54	142.724	365.786
683	31	55	142.281	365.96
684	31	56	137.912	365.001
685	31	57	133.911	364.231
686	31	58	138.988	364.499
687	31	59	148.66299999999998	368.38599999999997
688	31	60	155.58	370.79900000000004
689	31	61	165.30700000000002	372.26300000000003
690	31	62	163.593	373.931
691	31	63	170.0	376.852
692	31	64	172.285	378.403
693	31	65	172.093	380.38699999999994
694	31	66	169.822	378.832
695	31	67	161.019	374.69699999999995
696	31	68	158.66299999999998	372.07300000000004
697	31	69	161.749	374.092
698	31	70	168.832	379.14
699	31	71	176.84	384.01599999999996
700	31	72	181.39	388.412
701	31	73	184.763	387.483
702	31	74	187.43400000000003	392.588
703	31	75	184.274	389.361
704	36	24	168.465	182.49200000000002
705	36	25	164.533	181.202
706	36	26	166.137	180.89
707	36	27	162.129	178.653
708	36	28	156.179	176.503
709	36	29	148.319	173.66299999999998
710	36	30	135.655	167.63299999999998
711	36	31	129.35	165.75
712	36	32	122.891	164.143
713	36	33	113.098	162.139
714	36	34	114.834	161.04399999999998
715	36	35	108.56	158.708
716	36	36	93.48200000000001	155.881
717	36	37	88.06700000000001	153.109
718	36	38	83.89	153.487
719	36	39	70.917	149.732
720	36	40	63.375	148.352
721	36	41	54.637	147.308
722	36	42	45.431000000000004	145.153
723	36	43	36.147	143.641
724	36	44	27.285	142.435
725	36	45	16.727	139.58700000000002
726	36	46	13.235	138.63299999999998
727	36	47	12.838	139.762
728	36	48	10.64	137.442
729	36	49	9.271	138.01
730	36	50	0.0	137.8
731	36	51	0.0	137.8
732	36	52	0.0	137.8
733	36	53	0.0	139.1
734	36	54	0.0	138.45
735	42	31	207.35	0.0
736	42	32	208.65	0.0
737	42	33	207.35	0.0
738	42	34	208.65	0.0
739	42	35	209.95	0.0
740	42	36	208.65	0.0
741	42	37	208.65	0.0
742	42	40	214.71099999999998	8.689
743	42	41	215.86	8.574
744	42	42	215.403	8.88
745	42	43	218.02900000000002	10.273
746	42	44	217.155	9.605
747	42	45	215.632	8.527999999999999
748	42	46	216.372	9.793
749	42	47	217.172	11.015
750	42	48	219.047	10.273
751	42	49	216.52700000000002	9.421
752	42	50	219.045	9.354
753	42	51	218.977	8.482999999999999
754	42	52	218.61900000000003	8.89
755	42	53	220.305	9.828
756	42	54	223.69400000000002	11.659
757	42	55	225.201	13.177999999999999
758	42	56	226.62400000000002	14.780999999999999
759	42	57	225.977	15.946
760	42	58	226.13299999999998	17.89
761	42	59	227.16400000000002	17.547
762	42	60	227.822	19.14
763	42	61	225.995	19.296
764	42	62	227.165	19.797
765	42	63	230.502	21.910999999999998
766	42	64	233.525	21.526
767	42	65	231.77200000000002	23.593000000000004
768	42	66	228.102	20.419
769	42	71	232.545	15.134
770	42	72	229.834	13.966
771	42	73	230.929	12.911
772	42	76	233.467	13.682
773	42	77	231.416	12.536
774	42	78	233.859	11.165999999999999
775	42	79	235.894	12.869000000000002
776	42	80	234.895	12.384
777	42	81	233.93200000000002	12.769
778	42	82	233.041	12.437000000000001
779	42	83	230.083	11.877
780	42	84	229.65599999999998	10.009
781	42	85	229.25599999999997	9.06
782	42	86	226.743	6.779
783	42	87	225.61900000000003	6.811
784	42	88	224.118	8.832
785	42	89	224.18	10.384
786	42	90	220.695	9.862
787	42	91	221.248	9.735
788	42	92	219.861	9.088
789	42	93	219.146	9.263
790	42	94	221.067	11.042
791	42	95	218.592	10.988
792	42	96	217.437	12.095
793	44	32	363.691	31.612
794	44	33	362.587	32.735
795	44	34	360.541	34.279
796	44	35	360.19800000000004	34.559
797	44	36	358.06199999999995	35.616
798	44	37	360.68699999999995	37.088
799	44	38	360.85400000000004	37.265
800	44	39	358.556	35.06
801	44	40	363.42400000000004	36.4
802	44	41	364.108	35.106
803	44	42	364.731	34.529
804	44	43	364.10400000000004	33.166
805	44	44	361.316	31.366
806	44	45	360.039	29.811999999999998
807	44	46	360.991	28.71
808	44	47	360.901	28.997
809	44	48	360.004	26.750999999999998
810	44	49	355.6	22.605
811	44	50	357.11	22.962
812	44	51	357.338	23.491
813	44	52	358.57599999999996	24.408
814	44	53	358.07	24.252
815	44	54	356.76300000000003	22.388
816	44	55	356.92900000000003	21.743000000000002
817	44	56	355.892	22.101
818	44	57	355.01099999999997	21.754
819	44	58	354.52	21.195
820	44	59	352.897	20.026
821	44	60	353.345	18.386
822	44	61	350.602	20.079
823	44	62	350.369	19.242
824	44	63	351.006	18.824
825	44	64	350.57	15.935
826	44	65	349.12699999999995	21.761
827	44	66	345.87	21.476999999999997
828	44	67	346.01099999999997	19.84
829	44	68	347.82	15.439
830	44	69	348.69199999999995	13.762
831	44	70	347.523	14.642000000000001
832	44	71	348.106	13.549000000000001
833	44	72	346.522	13.789000000000001
834	44	73	344.79699999999997	12.264000000000001
835	44	74	345.167	14.254000000000001
836	44	75	346.585	11.993
837	44	76	348.10699999999997	10.544
838	44	77	348.394	11.071
839	44	78	348.35900000000004	10.534
840	44	79	349.901	9.74
841	44	80	348.866	9.896
842	44	81	349.106	9.3
843	44	82	351.25300000000004	8.783999999999999
844	44	83	348.015	11.655
845	44	84	350.36300000000006	9.277999999999999
846	44	85	350.07199999999995	9.205
847	44	86	350.525	8.378
848	44	87	353.155	6.604
849	44	88	353.26300000000003	6.192
850	44	89	357.5	0.0
851	44	90	352.62300000000005	6.879
852	44	91	347.10900000000004	10.549000000000001
853	44	92	349.32	7.332000000000001
854	45	33	188.252	376.963
855	45	34	188.42	378.339
856	45	35	192.033	383.772
857	45	36	192.424	385.539
858	45	37	191.93	387.23800000000006
859	45	38	192.24900000000002	388.723
860	45	39	193.84400000000002	386.926
861	45	40	195.29	388.111
862	45	41	192.56599999999997	385.926
863	45	42	190.044	379.61400000000003
864	45	43	186.21200000000002	374.82599999999996
865	45	44	188.75400000000002	377.603
866	45	45	188.831	382.624
867	45	46	189.864	378.457
868	45	47	187.66	375.086
869	45	48	186.65400000000002	371.315
870	45	49	190.215	377.564
871	45	50	193.364	382.539
872	45	51	192.75799999999998	380.315
873	45	52	189.80900000000003	375.111
874	45	53	186.554	371.64
875	45	54	192.50900000000001	382.713
876	45	55	198.368	383.467
877	45	56	192.28900000000002	372.046
878	45	57	194.83700000000002	377.152
879	45	58	194.328	374.63
880	45	60	197.487	380.051
881	45	61	186.795	359.994
882	49	45	135.964	378.14599999999996
883	49	46	136.784	378.43
884	49	49	134.968	377.596
885	49	50	138.156	377.977
886	49	51	144.127	380.526
887	49	52	150.257	387.43800000000005
888	49	53	148.67700000000002	389.338
889	49	54	152.202	390.727
890	49	55	152.144	390.62
891	49	56	153.893	393.445
892	49	57	153.822	392.042
893	49	58	146.615	387.80300000000005
894	49	59	148.394	389.084
895	49	60	152.04	390.969
896	49	61	155.00799999999998	394.85699999999997
897	49	62	158.197	395.47900000000004
898	49	63	161.118	396.925
899	49	64	163.577	399.905
900	49	65	167.023	403.853
901	49	66	166.395	402.267
902	49	67	177.136	406.86199999999997
903	49	68	186.27700000000002	410.65
904	49	69	194.203	417.855
905	49	70	193.88299999999998	417.848
906	49	71	199.08599999999998	418.246
907	49	72	201.90900000000002	423.88699999999994
908	49	73	210.84400000000002	425.88199999999995
909	49	74	219.97799999999998	428.73
910	49	75	219.74599999999998	427.224
911	49	76	225.817	428.264
912	49	77	226.297	430.259
913	49	78	226.048	432.54900000000004
914	49	79	223.363	440.31800000000004
915	49	84	213.142	445.43
916	49	85	211.82	442.82199999999995
917	49	86	215.84099999999998	444.225
918	49	88	225.19400000000002	455.718
919	49	89	222.347	453.033
920	49	90	221.013	452.44300000000004
921	49	91	221.08599999999998	448.278
922	49	92	218.695	446.024
923	49	93	220.49	451.355
924	49	94	221.011	455.026
925	49	95	220.18900000000002	452.92800000000005
926	49	96	221.23	455.18800000000005
927	51	48	256.718	431.74800000000005
928	51	49	256.772	436.20599999999996
929	51	50	257.658	437.291
930	51	51	258.807	438.01599999999996
931	51	52	259.569	439.408
932	51	53	260.903	440.159
933	51	54	262.77299999999997	439.32099999999997
934	51	55	263.25	439.4
935	51	56	258.985	438.028
936	51	57	259.525	439.036
937	51	58	256.95599999999996	437.366
938	51	60	255.157	434.32
939	51	61	260.76599999999996	439.37300000000005
940	51	62	259.883	438.684
941	51	63	256.394	437.47900000000004
942	51	64	257.116	437.537
943	51	65	254.74599999999998	439.594
944	51	70	253.657	430.923
945	51	71	254.79	432.509
946	51	72	253.91099999999997	430.43
947	51	73	254.679	430.96
948	51	74	254.73	428.79699999999997
949	51	75	253.878	436.05300000000005
950	51	76	255.58599999999998	433.97
951	51	77	261.2	439.42199999999997
952	51	78	263.34	444.649
953	51	79	264.23	443.27
954	51	80	262.634	444.025
955	51	81	262.52099999999996	441.949
956	51	82	264.403	449.17699999999996
957	51	83	262.925	448.365
958	51	84	268.149	450.344
959	51	85	268.363	449.796
960	51	86	268.926	451.603
961	51	87	269.845	453.81
962	51	88	271.192	455.12300000000005
963	51	89	271.067	455.566
964	51	90	271.161	454.10900000000004
965	51	91	271.982	454.561
966	51	92	272.587	453.07
967	51	93	273.225	450.22900000000004
968	51	94	273.168	450.346
969	51	95	273.191	450.551
970	51	96	273.246	451.49199999999996
971	54	54	368.846	45.659
972	54	55	368.79400000000004	43.54600000000001
973	54	56	367.756	43.081
974	54	57	366.225	42.855
975	54	58	365.615	42.411
976	54	59	366.19199999999995	42.49
977	54	60	365.349	45.251000000000005
978	54	61	364.61	43.821999999999996
979	54	62	365.22	43.35
980	54	63	365.85900000000004	41.771
981	54	64	365.441	43.025
982	54	65	364.223	44.083999999999996
983	54	66	364.48199999999997	44.655
984	54	67	365.19300000000004	44.998000000000005
985	54	68	362.839	44.111999999999995
986	54	69	362.9	43.747
987	54	70	362.711	44.651
988	54	71	363.668	44.769
989	54	72	362.279	46.163999999999994
990	54	73	362.061	44.988
991	54	74	361.849	46.034
992	54	75	361.93699999999995	46.422
993	54	76	363.785	44.461000000000006
994	54	77	361.796	47.233000000000004
995	54	78	363.215	44.786
996	54	79	361.83099999999996	45.287
997	54	80	363.31199999999995	45.073
998	54	81	362.341	46.427
999	54	82	363.895	45.48
1000	54	83	364.652	46.793
1001	54	84	362.849	47.868
1002	54	85	364.39599999999996	49.568999999999996
1003	54	86	365.961	46.566
1004	54	87	365.621	48.53
1005	54	88	357.166	31.112
1006	54	89	357.78	29.339000000000002
