	TRACK_ID	FRAME	POSITION_X	POSITION_Y
1	1	0	596.442	446.049
2	1	1	598.383	443.954
3	1	2	600.582	440.883
4	1	3	599.048	446.253
5	1	4	601.562	442.103
6	1	5	601.345	444.87
7	1	7	610.768	435.012
8	1	8	603.699	450.706
9	1	9	611.072	435.517
10	1	10	615.288	427.316
11	1	11	610.377	440.316
12	1	12	615.341	431.268
13	1	13	612.346	433.104
14	1	14	609.008	438.444
15	1	15	610.29	432.37
16	1	16	609.267	436.079
17	1	17	609.155	434.053
18	1	18	609.048	436.192
19	1	19	609.618	437.123
20	1	20	610.426	436.396
21	1	21	611.916	437.961
22	1	22	612.813	439.446
23	1	23	613.347	440.563
24	1	24	614.513	439.897
25	1	25	614.239	438.009
26	1	26	614.075	437.896
27	1	27	614.838	438.786
28	1	28	616.038	440.048
29	1	29	616.247	439
30	1	30	615.78	437.633
31	1	31	616.139	439.887
32	1	33	615.963	440.617
33	1	34	615.847	440.346
34	1	35	616.936	440.128
35	1	36	616.286	441.595
36	2	0	567.123	466.776
37	2	1	566.772	461.23
38	2	2	564.209	454.405
39	2	3	563.557	454.163
40	2	4	561.533	449.153
41	2	5	558.707	447.03
42	2	6	557.7	448.142
43	2	7	558.726	451.464
44	2	8	557.673	451.525
45	2	9	557.637	453.959
46	2	10	556.979	453.711
47	2	11	557.702	455.489
48	2	12	558.135	456.248
49	2	13	558.451	455.646
50	2	14	556.462	453.189
51	2	15	556.69	451.17
52	2	16	556.361	450.862
53	2	17	556.956	450.892
54	2	18	560.937	459.177
55	2	19	566.241	472.617
56	2	20	572.12	483.479
57	2	21	577.01	490.87
58	2	22	579.336	494.846
59	2	23	580.526	495.919
60	2	24	581.049	497.617
61	2	25	580.187	497.533
62	2	26	580.854	497.29
63	2	27	581.435	499.566
64	2	28	581.47	500.19
65	2	29	584.048	502.827
66	2	30	584.298	503.956
67	2	31	585.09	505.501
68	2	32	583.621	505.244
69	2	33	581.342	504.98
70	2	34	580.299	507.693
71	2	35	582.049	510.503
72	2	36	580.985	512.778
73	2	37	580.309	513.397
74	2	38	580.142	514.199
75	2	39	577.884	512.184
76	2	40	577.098	513.044
77	2	41	575.868	513.685
78	2	42	575.9	512.294
79	2	43	576.66	510.49
80	2	44	576.839	509.433
81	2	45	577.242	508.947
82	2	46	576.79	508.9
83	2	47	576.804	508.71
84	2	48	576.019	507.201
85	2	49	575.191	507.303
86	2	50	575.442	506.382
87	2	51	575.513	505.803
88	2	52	574.578	507.126
89	2	53	575.33	504.419
90	2	54	574.702	504.701
91	5	0	516.319	482.89
92	5	1	515.969	482.778
93	5	2	516.367	482.196
94	5	3	515.975	483.246
95	5	4	516.688	483.006
96	5	5	515.906	483.489
97	5	6	515.479	482.73
98	5	7	517.168	483.407
99	5	8	516.858	482.845
100	5	9	516.143	481.987
101	5	10	516.176	482.515
102	5	11	516.246	483.577
103	5	12	516.218	482.534
104	5	13	515.023	480.471
105	5	14	514.219	479.98
106	5	15	514.009	477.881
107	5	16	512.475	475.796
108	5	17	511.419	474.803
109	5	18	511.696	475.345
110	5	19	512.01	475.249
111	5	20	513.011	476.645
112	5	21	513.409	477.833
113	5	22	513.308	479.062
114	5	23	514.455	479.675
115	5	24	514.641	479.495
116	5	25	515.139	479.59
117	5	26	515.005	478.683
118	5	27	514.494	480.116
119	5	28	514.587	479.331
120	5	29	514.532	479.889
121	5	30	515.193	478.832
122	5	31	514.394	479.413
123	5	32	514.708	480.14
124	5	33	514.581	479.924
125	5	34	513.87	479.147
126	5	35	514.083	477.949
127	5	36	513.306	479.018
128	5	37	513.1	477.641
129	5	38	512.706	477.527
130	5	39	513.55	477.783
131	5	40	514.072	479.446
132	5	41	513.284	478.368
133	5	42	512.2	476.626
134	5	43	512.992	477.784
135	5	44	513.36	478.162
136	5	45	512.171	476.04
137	5	46	511.94	475.653
138	5	47	511.022	473.996
139	5	48	509.829	472.806
140	5	49	509.849	473.44
141	5	50	510.302	473.241
142	5	51	510.449	473.653
143	5	52	508.193	472.554
144	5	53	505.601	470.874
145	5	54	503.773	470.438
146	5	55	503.295	469.429
147	5	56	502.032	468.302
148	5	57	502.869	468.95
149	5	58	502.084	468.489
150	5	59	503.278	468.627
151	5	60	502.01	468.085
152	5	61	503.76	468.836
153	5	62	502.966	468.689
154	5	63	502.897	468.477
155	5	64	504.183	469.119
156	5	65	503.146	468.414
157	5	66	502.863	468.783
158	5	67	505.608	469.87
159	5	68	505.867	469.47
160	5	69	505.845	470.385
161	5	70	505.241	469.387
162	5	71	505.054	470.507
163	5	72	504.852	469.805
164	5	73	506.797	470.5
165	5	74	508.355	472.774
166	5	75	509.372	473.973
167	5	76	511.157	476.047
168	5	77	512.78	478.747
169	5	78	516.371	482.549
170	5	79	517.897	484.699
171	5	80	516.951	484.617
172	5	81	516.432	483.56
173	5	82	516.591	484.076
174	5	83	516.58	484.82
175	5	84	516.09	484.314
176	5	85	516.028	483.742
177	5	86	514.948	481.922
178	5	87	513.9	481.485
179	5	88	510.834	476.412
180	5	89	508.193	476.536
181	5	90	506.974	474.647
182	5	91	504.987	471.996
183	5	92	502.962	469.871
184	5	93	502.493	467.75
185	5	94	501.725	468.58
186	5	95	502.575	469.697
187	5	96	503.282	470.432
188	10	0	399.215	583.561
189	10	1	406.275	582.752
190	10	2	411.823	579.431
191	10	3	412.048	579.344
192	10	4	412.349	579.162
193	10	5	412.914	578.044
194	10	6	412.97	576.156
195	10	7	416.511	575.475
196	10	8	419.711	576.267
197	10	9	421.756	575.062
198	10	10	426.677	574.833
199	10	11	430.156	574.195
200	10	12	439.192	570.579
201	10	13	439.222	569.099
202	10	14	443.063	567.991
203	10	15	443.178	564.009
204	10	16	444.023	562.226
205	10	17	447.076	558.705
206	10	18	452.728	558.381
207	10	19	452.765	559.097
208	10	20	453.597	558.45
209	10	21	456.501	561.914
210	10	22	453.492	559.416
211	10	23	459.134	558.903
212	10	24	455.564	562.31
213	10	25	457.509	560.998
214	10	26	456.951	563.004
215	10	27	456.759	561.969
216	10	28	458.763	560.434
217	10	29	462.295	560.838
218	10	30	459.444	561.592
219	10	31	458.652	562.492
220	10	32	459.43	561.304
221	10	33	463.537	560.111
222	10	34	462.278	562.446
223	10	35	462.579	562.671
224	10	36	461.724	562.771
225	10	37	460.438	563.56
226	10	38	459.014	564.185
227	10	39	453.744	566.903
228	10	40	451.567	569.971
229	10	41	450.697	571.922
230	10	42	455.467	569.598
231	10	43	455.379	571.815
232	10	44	456.754	575.184
233	10	45	455.618	574.102
234	10	46	456.104	572.582
235	10	47	453.58	569.928
236	10	48	454.661	574.119
237	10	49	452.15	573.813
238	10	50	450.709	571.16
239	10	51	450.157	572.455
240	10	52	448.799	569.518
241	10	53	444.669	567.247
242	10	54	444.888	571.043
243	10	55	443.906	572.145
244	10	56	441.18	570.543
245	10	57	444.474	571.698
246	10	58	442.261	570.77
247	10	59	443.293	576.513
248	10	60	441.462	571.093
249	10	61	436.092	570.486
250	10	62	437.995	569.416
251	10	63	436.105	570.543
252	10	64	436.781	572.56
253	10	65	437.226	573.576
254	10	66	439.228	575.544
255	10	67	439.053	577.271
256	10	68	442.092	578.516
257	10	69	446.827	579.591
258	10	70	447.2	578.5
259	10	71	447.33	579.368
260	10	72	445.572	581.258
261	10	73	438.611	587.505
262	10	74	443.845	585.589
263	10	75	443.342	590.924
264	10	76	443.427	592.84
265	10	77	440.599	596.414
266	10	78	441.104	596.876
267	10	79	443.379	598.344
268	10	80	439.545	599.149
269	10	81	444.671	600.011
270	10	82	442.118	599.858
271	10	83	447.996	602.288
272	10	84	451.974	598.751
273	10	85	458.715	592.968
274	10	86	454.827	599.137
275	10	87	454.766	596.516
276	10	88	448.951	599.189
277	10	89	448.561	593.843
278	10	90	447.755	589.246
279	10	91	438.119	581.844
280	10	92	435.176	580.293
281	10	93	436.624	577.443
282	10	94	434.801	573.976
283	10	95	434.314	573.813
284	10	96	433.588	576.25
285	11	0	317.639	626.922
286	11	1	318.346	628.958
287	11	2	306.333	625.03
288	11	3	308.035	626.862
289	11	4	312.321	627.201
290	11	5	312.954	628.04
291	11	6	317.156	627.296
292	11	7	313.277	626.902
293	11	8	301.791	621.876
294	11	9	298.682	620.606
295	11	10	300.159	620.843
296	11	11	293.449	620.56
297	11	12	295.957	621.59
298	11	13	288.695	618.268
299	11	14	284.394	614.332
300	11	15	287.421	611.748
301	11	16	277.988	611.464
302	11	17	281.537	611.926
303	11	18	280.99	612.434
304	11	19	271.937	614.293
305	11	20	263.452	615.926
306	11	21	260.065	614.074
307	11	22	264.448	616.133
308	11	23	257.482	615.976
309	11	24	251.806	617.328
310	11	25	251.045	615.872
311	11	26	243.729	618.006
312	11	27	240.309	618.646
313	11	28	240.944	617.451
314	11	29	245.707	616.939
315	11	30	252.093	613.68
316	11	31	249.918	614.17
317	11	32	249.524	617.245
318	11	33	252.141	615.894
319	11	34	250.916	617.178
320	11	35	250.932	616.975
321	11	36	250.334	618.362
322	11	37	249.669	618.947
323	11	38	250.333	619.182
324	11	39	250.326	619.794
325	11	40	249.227	620.272
326	11	41	248.12	621.786
327	11	42	253.894	620.182
328	11	43	253.644	617.579
329	11	44	252.923	620.359
330	11	45	253.293	617.819
331	11	46	253.124	618.341
332	11	47	253.743	620.607
333	11	48	252.871	619.177
334	11	49	254.695	622.82
335	11	50	256.846	620.436
336	11	51	252.255	617.685
337	11	52	253.868	620.784
338	11	53	254.571	620.161
339	11	54	253.816	621.239
340	11	55	256.583	626.425
341	11	56	276.637	630.009
342	11	57	264.627	621.363
343	11	58	251.097	618.01
344	11	59	237.538	617.097
345	11	60	237.254	612.611
346	11	61	242.337	612.519
347	11	62	245.947	610.807
348	11	63	245.872	612.981
349	11	64	242.219	613.427
350	11	65	243.402	605.529
351	11	66	240.567	607.226
352	11	67	240.406	610.218
353	11	68	240.508	610.147
354	11	69	242.175	612.493
355	11	70	231.512	617.86
356	11	71	237.322	620.627
357	11	72	244.355	614.641
358	11	73	246.219	610.26
359	11	74	238.156	616.247
360	11	75	236.416	620.78
361	11	76	229.537	619.301
362	11	77	231.165	626.778
363	11	78	239.458	624.488
364	11	79	242.195	614.807
365	11	80	246.046	614.431
366	11	81	242.993	615.961
367	11	82	245.68	613.717
368	11	83	242.53	619.093
369	11	84	242.177	619.015
370	11	85	244.589	616.606
371	11	86	242.98	614.787
372	11	87	241.199	619.902
373	11	88	243.393	615.623
374	11	89	247.778	612.185
375	11	90	247.822	608.076
376	11	91	247.732	610.28
377	11	92	243.473	615.505
378	11	93	250.115	608.954
379	11	94	250.869	616.354
380	11	95	245.428	613.884
381	11	96	244.813	616.888
382	13	0	149.234	31.044
383	13	1	151.887	34.984
384	13	2	157.417	39.997
385	13	3	160.432	45.178
386	13	4	165.288	51.594
387	13	5	161.357	49.304
388	13	6	162.925	52.71
389	13	7	163.983	57.235
390	13	8	162.667	55.482
391	13	9	164.595	61.86
392	13	10	165.141	61.94
393	13	11	163.365	59.677
394	13	12	168.054	66.722
395	13	13	165.872	63.3
396	13	14	162.79	59.093
397	13	15	166.555	63.115
398	13	16	163.976	59.101
399	13	17	161.665	55.838
400	13	18	165.931	60.894
401	13	19	160.317	55.464
402	13	20	164.711	61.216
403	13	21	171.742	70.042
404	13	22	166.231	64.813
405	13	23	168.378	66.855
406	13	24	172.681	72.659
407	13	25	166.645	64.866
408	13	26	175.509	72.831
409	13	27	172.406	71.127
410	13	28	174.867	72.687
411	13	29	183.44	79.459
412	13	30	180.091	75.851
413	13	31	180.578	76.794
414	13	32	184.581	80.701
415	13	33	187.952	83.644
416	13	34	189.321	84.821
417	13	35	186.532	81.5
418	13	36	187.172	83.971
419	13	37	189.264	85.347
420	13	38	195.336	90.217
421	13	39	187.861	83.244
422	13	40	185.772	82.697
423	13	41	199.819	92.854
424	13	42	200.208	88.151
425	14	0	562.022	111.67
426	14	1	563.145	114.174
427	14	2	564.19	117.662
428	14	3	560.696	118.256
429	14	4	563.427	121.527
430	14	5	565.326	123.729
431	14	6	563.258	124.022
432	14	7	562.612	126.984
433	14	8	562.341	128.072
434	14	9	563.325	129.287
435	14	10	562.435	130.158
436	14	11	561.811	131.439
437	14	12	560.112	130.432
438	14	13	558.98	129.014
439	14	14	557.804	127.716
440	14	15	558.048	128.64
441	14	16	557.288	128.559
442	14	17	557.744	128.148
443	14	18	559.221	127.815
444	14	19	558.339	127.065
445	14	20	558.408	127.924
446	14	21	558.8	127.771
447	14	22	557.975	128.15
448	14	23	559.03	128.493
449	14	24	559.361	130.332
450	14	25	561.563	128.088
451	14	26	560.947	129.88
452	14	27	561.238	130.055
453	14	28	560.662	131.27
454	14	29	560.746	133.792
455	14	30	560.993	132.89
456	14	31	560.605	132.159
457	14	32	560.677	131.931
458	14	33	559.482	133.386
459	14	34	559.447	135.01
460	14	35	562.725	136.163
461	14	36	561.385	137.741
462	14	39	562.058	134.632
463	14	40	563.783	134.856
464	14	41	560.976	135.121
465	14	43	562.402	137.463
466	14	44	560.411	136.003
467	14	45	558.526	134.164
468	14	46	557.858	135.982
469	14	47	557.493	133.899
470	14	48	557.975	134.318
471	14	49	557.921	137.799
472	14	50	558.554	136.743
473	14	51	558.781	136.857
474	14	52	563.792	139.388
475	14	53	565.215	139.537
476	14	54	562.589	139.028
477	14	55	564.484	139.769
478	14	56	562.951	136.21
479	14	57	560.214	136.07
480	14	58	559.996	137.611
481	14	59	560.183	139.169
482	14	60	557.86	140.042
483	14	61	556.241	138.203
484	14	62	555.592	133.84
485	14	63	555.435	135.501
486	14	64	555.438	138.972
487	14	65	555.554	141.126
488	14	66	557.239	141.433
489	14	67	560.271	142.54
490	14	68	560.386	141.695
491	14	69	559.538	140.252
492	14	70	558.871	140.767
493	14	71	558.099	141.951
494	14	72	557.361	141.045
495	14	73	559.529	142.408
496	14	74	559.915	142.498
497	14	75	559.395	141.017
498	14	76	561.011	142.428
499	14	77	558.69	144.717
500	14	78	557.076	143.711
501	14	79	554.955	142.377
502	14	80	554.687	142.488
503	14	81	554.621	139.727
504	14	82	553.064	142.052
505	14	83	552.689	141.635
506	14	84	553.283	149.122
507	14	86	553.064	146.539
508	14	87	555.586	146.715
509	14	88	558.134	144.025
510	14	89	556.605	145.92
511	14	90	557.373	146.159
512	14	91	558.735	149.148
513	16	0	562.168	157.854
514	16	1	560.771	157.853
515	16	2	550.696	153.578
516	16	3	544.187	152.041
517	16	4	536.263	150.221
518	16	5	535.314	151.595
519	16	6	522.612	148.402
520	16	7	521.621	149.665
521	16	8	521.264	148.69
522	16	9	521.805	149.81
523	16	10	526.265	150.396
524	16	11	537.657	153.333
525	16	12	541.658	155.885
526	16	13	542.261	156.728
527	16	14	540.247	156.477
528	16	15	534.993	153.512
529	16	16	527.738	150.065
530	16	17	522.654	147.279
531	16	18	514.578	143.748
532	16	19	506.242	140.336
533	16	20	508.08	142.868
534	16	21	515.15	148.927
535	16	22	519.578	153.583
536	16	23	530.429	155.431
537	16	24	533.567	157.372
538	16	25	540.246	160.234
539	16	26	545.793	161.789
540	16	27	545.854	166.712
541	16	28	539.171	164.674
542	16	29	531.91	161.786
543	16	30	521.245	158.487
544	16	31	509.944	153.011
545	16	32	500.394	143.929
546	16	33	500.75	145.671
547	16	34	499.203	145.409
548	16	35	495.318	141.679
549	16	36	487.964	139.259
550	16	37	483.03	136.441
551	16	38	476.252	135.752
552	16	39	467.282	130.212
553	16	40	463.482	129.332
554	16	41	462.623	128.943
555	16	42	462.989	128.003
556	16	43	464.278	128.075
557	16	44	465.034	127.983
558	16	45	466.538	128.835
559	16	46	471.875	131.423
560	16	47	473.319	132.273
561	16	48	475.349	134.595
562	16	49	473.726	135.024
563	16	50	468.08	130.372
564	16	51	461.073	125.984
565	16	52	457.509	122.43
566	16	53	452.796	118.575
567	16	54	446.361	113.443
568	16	55	443.493	109.621
569	16	56	443.562	110.871
570	16	57	449.097	116.12
571	16	58	456.442	121.178
572	16	59	470.474	131.596
573	16	60	481.229	136.376
574	16	61	488.764	136.263
575	16	62	492.509	134.562
576	16	63	493.597	133.972
577	16	64	493.658	134.174
578	16	65	497.024	135.449
579	16	66	501.765	134.565
580	16	67	504.23	133.655
581	16	68	509.112	130.562
582	16	69	508.86	131.555
583	16	70	501.887	136.69
584	16	71	503.501	136.743
585	16	72	505.815	135.058
586	16	73	508.945	130.705
587	16	74	513.715	128.97
588	16	75	521.807	126.981
589	16	76	530.339	120.287
590	16	77	534.411	118.174
591	16	78	533.28	115.143
592	16	79	539.885	111.602
593	16	80	545.256	104.982
594	16	81	552.222	98.58
595	16	82	550.546	98.483
596	16	83	552.085	95.493
597	16	84	556.475	92.987
598	16	85	562.627	86.232
599	16	86	562.16	84.681
600	16	87	564.994	82.186
601	16	88	553.408	94.32
602	16	89	540.713	105.344
603	16	90	534.633	109.968
604	16	91	532.275	110.349
605	16	92	523.274	117.967
606	16	93	517.464	122.044
607	16	94	513.58	131.263
608	16	95	510.303	142.222
609	16	96	508.345	151.072
610	17	0	602.419	162.88
611	17	1	601.315	162.136
612	17	2	600.864	159.466
613	17	3	599.547	157.316
614	17	4	599.104	156.329
615	17	5	598.992	157.053
616	17	6	598.646	156.74
617	17	7	598.632	155.368
618	17	8	597.876	152.431
619	17	9	598.192	152.345
620	17	10	597.644	151.326
621	17	11	597.492	154.666
622	17	12	597.891	155.553
623	17	13	596.532	153.978
624	17	14	594.863	150.766
625	17	15	594.499	143.621
626	17	16	594.06	138.564
627	17	17	594.338	134.616
628	17	18	594.325	133.316
629	17	19	594.525	133.381
630	17	20	595.236	130.974
631	17	21	596.025	130.644
632	17	22	596.05	132.406
633	17	23	596.834	130.8
634	17	24	596.686	135.289
635	17	25	597.125	133.028
636	17	26	595.923	129.813
637	17	27	595.945	131.556
638	17	28	596.31	130.491
639	17	29	596.547	132.744
640	17	30	596.707	133.58
641	17	31	595.812	138.297
642	17	32	596.184	140.483
643	17	33	595.838	140.966
644	17	34	596.544	136.135
645	17	35	596.824	133.538
646	17	36	595.331	134.699
647	17	37	596.54	141.012
648	17	38	596.02	147.933
649	17	39	595.481	149.491
650	17	40	596.118	146.92
651	17	41	597.995	138.984
652	17	42	597.706	139.029
653	17	43	597.868	137.788
654	17	44	597.778	138.106
655	17	45	596.836	142.116
656	17	46	596.236	144.532
657	17	47	596.182	144.166
658	17	48	596.522	140.189
659	17	49	596.855	141.432
660	17	50	597.927	137.589
661	17	51	596.629	141.018
662	17	52	596.883	142.284
663	17	53	595.955	143.579
664	17	54	595.45	143.212
665	17	55	595.877	143.155
666	17	56	596.418	143.322
667	17	57	595.477	145.773
668	17	58	594.302	146.855
669	17	59	596.259	141.759
670	17	60	595.859	141.972
671	17	61	595.619	141.761
672	17	62	596.488	141.5
673	17	63	592.987	148.882
674	17	64	593.866	147.597
675	17	65	592.866	145.012
676	17	66	593.273	145.654
677	17	67	595.398	142.795
678	17	68	596.736	139.284
679	17	69	595.138	141.032
680	17	70	592.804	144.454
681	17	71	591.449	150.965
682	17	72	590.283	150.002
683	17	73	590.23	148.999
684	17	74	591.59	146.375
685	17	75	595.752	141.52
686	17	76	602.792	133.234
687	17	77	608.197	133.647
688	17	78	607.401	132.78
689	17	79	606.093	134.032
690	17	80	605.77	133.891
691	17	81	602.789	135.749
692	17	82	600.317	135.961
693	17	83	597.932	139.317
694	17	84	598.82	138.782
695	17	85	597.895	138.492
696	17	86	597.556	138.886
697	17	87	594.011	142.594
698	17	88	593.344	143.804
699	17	89	592.404	147.368
700	17	90	592.827	146.217
701	17	91	593.854	146.937
702	17	92	594.633	146.057
703	17	93	597.267	143.73
704	17	94	592.641	148.795
705	17	95	595.976	148.43
706	17	96	597.194	146.89
707	18	0	560.557	173.62
708	18	1	561.225	174.803
709	18	2	557.944	170.581
710	18	3	559.811	167.747
711	18	4	557.988	164.755
712	18	5	552.894	169.818
713	18	6	550.244	170.644
714	18	7	552.447	166.149
715	18	8	549.426	169.297
716	18	9	551.684	166.286
717	18	10	551.268	157.962
718	18	11	550.788	158.339
719	18	12	552.986	166.515
720	18	13	555.342	160.547
721	18	14	556.459	152.753
722	18	15	551.691	147.847
723	18	16	544.765	145.2
724	18	17	540.681	142.238
725	18	18	535.343	138.869
726	18	19	526.499	137.285
727	18	20	526.636	138.564
728	18	21	528.547	139.699
729	18	22	526.675	140.351
730	18	23	534.681	140.494
731	18	24	536.924	141.834
732	18	25	540.178	144.215
733	18	26	547.484	146.334
734	18	27	546.25	144.695
735	18	28	545.748	142.945
736	18	29	544.323	141.337
737	18	30	542.049	137.196
738	18	31	541.924	140.108
739	18	32	541.267	136.696
740	18	33	539.976	137.317
741	18	34	540.556	133.753
742	18	35	543.395	133.589
743	18	36	542.299	132.625
744	18	37	544.191	133.968
745	18	38	544.01	135.14
746	18	39	542.287	134.504
747	18	40	546.11	134.796
748	18	41	542.931	136.104
749	18	42	545.279	134.086
750	18	43	544.306	134.022
751	18	44	542.627	136.527
752	18	45	542.644	138.411
753	18	46	540.438	139.694
754	18	47	540.144	137.045
755	18	48	541.205	136.085
756	18	49	540.224	137.224
757	18	50	542.839	134.771
758	18	51	541.226	136.114
759	18	52	544.89	137.762
760	18	53	547.101	138.458
761	18	54	547.019	135.993
762	18	55	549.927	136.92
763	18	56	548.541	134.645
764	18	57	546.482	135.043
765	18	58	545.41	135.467
766	18	59	545.051	137.304
767	18	60	541.964	136.945
768	18	61	540.272	136.076
769	18	62	539.61	139.796
770	18	63	539.575	140.551
771	18	64	538.686	141.409
772	18	65	538.824	141.346
773	18	66	542.452	142.926
774	18	67	545.159	146.075
775	18	68	547.407	143.934
776	18	69	546.705	143.664
777	18	70	544.954	143.968
778	18	71	544.335	143.542
779	18	72	544.831	143.162
780	18	73	546.703	144.825
781	18	74	550.429	150.038
782	18	75	552.76	151.424
783	18	76	553.553	152.057
784	18	77	552.986	156.111
785	18	78	556.263	158.068
786	18	79	555.711	155.758
787	18	80	558.195	154.625
788	18	81	556.407	152.633
789	18	82	553.975	155.355
790	18	83	555.288	154.148
791	18	84	555.609	159.721
792	18	85	555.242	156.745
793	18	86	552.894	157.425
794	18	87	553.802	156.448
795	18	88	551.859	155.613
796	18	89	551.208	155.233
797	18	90	550.3	154.817
798	18	91	547.87	155.011
799	18	92	549.318	155.406
800	18	93	548.919	151.539
801	18	94	546.885	154.395
802	18	95	546.614	152.741
803	18	96	547.318	152.347
804	19	0	577.326	174.04
805	19	1	578.333	172.806
806	19	2	575.518	173.18
807	19	3	571.286	176.432
808	19	4	568.14	179.383
809	19	5	569.706	176.515
810	19	6	567.907	175.771
811	19	7	566.864	178.487
812	19	8	570.314	171.514
813	19	9	572.495	165.91
814	19	10	575.979	156.382
815	19	11	579.322	149.189
816	19	12	581.459	141.846
817	19	13	580.725	136.695
818	19	15	578.271	126.149
819	19	16	579.285	120.482
820	19	17	578.555	118.894
821	19	22	578.472	133.235
822	19	23	576.974	143.11
823	19	24	573.884	153.443
824	19	25	570.47	163.774
825	19	26	569.006	170.134
826	19	27	566.681	176.522
827	19	28	564.51	182.608
828	19	29	562.638	188.817
829	19	30	560.962	191.016
830	19	31	558.774	197.856
831	19	32	562.529	187.008
832	19	33	559.185	195.654
833	19	34	554.81	207.732
834	19	35	551.786	216.936
835	19	36	546.054	228.836
836	19	37	548.105	223.728
837	19	38	550.352	219.467
838	19	39	548.182	224.154
839	19	40	545.724	225.889
840	19	41	544.568	232.129
841	19	42	541.571	239.273
842	19	43	541.685	241.524
843	19	44	539.12	246.905
844	19	45	540.159	245.854
845	19	46	539.795	250.846
846	19	47	535.932	258.887
847	19	48	535.171	264.551
848	19	49	532.33	272.442
849	19	50	531.107	275.454
850	19	51	531.613	274.102
851	19	52	531.703	273.716
852	19	53	530.051	277.972
853	19	54	530.015	279.478
854	19	55	531.457	277.027
855	19	56	529.192	278.943
856	19	57	527.31	280.775
857	19	58	532.065	272.469
858	19	59	535.7	263.497
859	19	60	537.49	258.832
860	19	61	537.96	257.039
861	19	62	541.288	249.782
862	19	63	541.107	254.885
863	19	64	541.246	252.356
864	19	65	544.62	246.031
865	19	66	546.436	244.971
866	19	67	547.825	242.666
867	19	68	547.575	242.883
868	19	69	548.184	238.901
869	19	70	548.319	238.405
870	19	71	551.947	236.366
871	19	72	554.4	230.335
872	19	73	557.221	226.019
873	19	74	557.988	225.8
874	19	75	559.953	221.795
875	19	76	554.858	226.895
876	19	77	553.629	229.602
877	19	78	551.286	235.758
878	19	79	551.584	236.872
879	19	80	551.356	237.377
880	19	81	545.862	241.271
881	19	82	546.676	239.277
882	19	83	546.875	238.657
883	19	84	549.006	236.935
884	19	85	544.372	241.711
885	19	86	547.589	241.304
886	19	87	543.333	246.758
887	19	88	541.92	248.984
888	19	89	540.745	254.054
889	19	90	537.609	255.125
890	19	91	538.712	254.63
891	19	92	543.098	247.29
892	19	93	547.975	238.29
893	19	94	546.19	244.788
894	19	95	547.665	242.411
895	19	96	554.731	231.09
896	20	0	439.653	214.264
897	20	1	433.299	209.779
898	20	2	426.649	206.124
899	20	3	426.542	204.717
900	20	4	427.127	203.23
901	20	5	435.065	211.15
902	20	6	440.505	214.394
903	20	7	450.756	222.102
904	20	8	450.775	223.018
905	20	9	461.833	230.843
906	20	10	461.914	231.443
907	20	11	461.305	230.208
908	20	12	459.84	228.374
909	20	13	452.073	219.729
910	20	14	452.554	218.382
911	20	15	459.381	222.254
912	20	16	461.078	222.471
913	20	17	473.278	229.486
914	20	18	474.397	230.004
915	20	19	488.358	237.624
916	20	20	490.724	239.003
917	20	21	499.392	244.549
918	20	22	508.679	250.042
919	20	23	511.762	249.541
920	20	24	519.576	254.105
921	20	25	513.066	250.802
922	20	26	509.955	248.801
923	20	27	497.301	244.366
924	20	28	483.866	235.929
925	20	29	487.816	236.988
926	20	30	491.827	238.473
927	20	31	498.752	243.038
928	20	32	506.149	247.472
929	20	33	510.187	248.091
930	20	34	503.718	245.606
931	20	35	486.444	234.406
932	20	36	478.694	232.08
933	20	37	491.361	239.25
934	20	38	502.917	244.868
935	20	39	498.584	241.533
936	20	40	479.419	234.444
937	20	41	487.586	236.904
938	20	42	502.667	245.46
939	20	43	493.015	240.337
940	20	44	492.222	240.332
941	20	45	495.745	242.585
942	20	46	495.665	241.386
943	20	47	488.904	240.049
944	20	48	476.757	236.293
945	20	49	478.128	236.064
946	20	50	488.125	241.405
947	20	51	490.936	243.134
948	20	52	483.508	240.708
949	20	53	473.304	237.406
950	20	54	482.327	242.703
951	20	55	498.222	250.886
952	20	56	492.666	249.104
953	20	57	477.126	240.819
954	20	58	482.274	245.23
955	20	59	492.717	252.523
956	20	60	495.079	253.244
957	20	61	481.84	247.692
958	20	62	483.543	247.327
959	20	63	492.613	252.965
960	20	64	488.448	251.3
961	20	65	487.161	249.855
962	20	66	490.019	251.945
963	20	67	493.996	254.553
964	20	68	489.752	253.099
965	20	69	487.617	253.118
966	20	70	489.608	254.486
967	20	71	485.443	254.628
968	20	72	478.557	249.628
969	20	73	480.075	251.336
970	20	74	485.216	254.188
971	20	75	479.784	250.532
972	20	76	468.06	243.231
973	20	77	473.041	247.207
974	20	78	474.939	248.743
975	20	79	474.34	248.589
976	20	80	471.351	246.162
977	20	81	468.487	245.469
978	20	82	469.296	246.589
979	20	83	468.157	246.301
980	20	84	466.092	246.389
981	20	85	465.343	245.028
982	20	86	470.16	249.321
983	20	87	471.724	250.644
984	20	88	473.773	252.413
985	20	89	471.447	251.782
986	20	90	473.537	253.096
987	20	91	474.224	253.909
988	20	92	474.595	253.279
989	20	93	474.796	253
990	20	94	474.609	253.065
991	20	95	477.057	256.922
992	20	96	478.048	256.54
993	22	0	345.938	285.824
994	22	1	359.003	283.468
995	22	2	366.817	280.913
996	22	3	380.294	279.615
997	22	4	395.571	277.868
998	22	5	410.855	277.439
999	22	6	420.566	274.442
1000	22	7	426.678	275.221
1001	22	8	432.698	274.608
1002	22	9	437.432	275.445
1003	22	10	428.697	274.359
1004	22	11	425.19	276.574
1005	22	12	413.994	278.207
1006	22	13	402.217	277.658
1007	22	14	390.925	277.248
1008	22	15	382.038	277.468
1009	22	16	371.316	280.044
1010	22	17	363.242	283.841
1011	22	18	361.271	285.499
1012	22	19	356.676	288.197
1013	22	20	352.497	291.803
1014	22	21	350.894	294.814
1015	22	22	354.71	294.239
1016	22	23	352.758	295.599
1017	22	24	361.735	290.743
1018	22	25	365.534	289.387
1019	22	26	369.82	286.972
1020	22	27	377.901	286.153
1021	22	28	384.703	283.687
1022	22	29	392.334	281.041
1023	22	30	393.192	279.296
1024	22	31	397.328	278.227
1025	22	32	404.335	277.867
1026	22	33	402.856	276.85
1027	22	34	404.907	275.836
1028	22	35	405.871	274.191
1029	22	36	404.021	276.05
1030	22	37	405.106	273.99
1031	22	38	402.1	275.585
1032	22	39	395.439	276.597
1033	22	40	389.037	279.095
1034	22	41	381.647	281.489
1035	22	42	373.111	285.008
1036	22	43	367.367	286.074
1037	22	44	360.895	287.841
1038	22	45	349.341	291.585
1039	22	46	346.407	291.593
1040	22	47	344.427	290.879
1041	22	48	340.505	291.611
1042	22	49	338.164	293.293
1043	22	50	331.144	294.362
1044	22	51	332.988	291.408
1045	22	52	337.12	289.357
1046	22	53	335.705	289.385
1047	22	54	341.854	287.922
1048	22	55	343.451	286.134
1049	22	56	342.863	286.094
1050	22	57	349.089	285.455
1051	22	58	359.135	284.022
1052	22	59	367.836	282.428
1053	22	60	378.467	281.679
1054	22	61	385.697	281.107
1055	22	62	392.296	279.835
1056	22	63	397.877	278.329
1057	22	64	403.505	277.883
1058	22	65	411.664	278.114
1059	22	66	416.501	278.678
1060	22	67	412.34	277.927
1061	22	68	401.74	277.102
1062	22	69	391.93	278.716
1063	22	70	375.757	279.667
1064	22	71	364.07	281.602
1065	22	72	358.68	281.701
1066	22	73	356.194	280.317
1067	22	74	356.302	281.09
1068	22	75	367.838	279.122
1069	22	76	381.115	276.969
1070	22	77	390.636	276.952
1071	22	78	393.355	275.483
1072	22	79	394.047	274.75
1073	22	80	391.977	274.58
1074	22	81	377.733	275.517
1075	22	82	371.129	274.501
1076	22	83	366.942	275.585
1077	22	84	367.013	275.344
1078	22	85	373.655	272.527
1079	22	86	383.563	270.021
1080	22	87	390.611	268.259
1081	22	88	393.804	265.933
1082	22	89	398.149	264.956
1083	22	90	398.336	264.954
1084	22	91	394.195	265.161
1085	22	92	384.135	267.23
1086	22	93	375.058	266.278
1087	22	94	369.066	268.308
1088	22	95	369.714	268.852
1089	22	96	369.804	268.652
1090	26	2	224.25	0
1091	26	3	224.25	0
1092	26	4	221.65	0
1093	26	5	217.026	6.37
1094	26	6	217.124	10.799
1095	26	7	214.772	11.039
1096	26	8	209.888	11.524
1097	26	9	192.628	14.292
1098	26	10	186.388	20.594
1099	26	11	185.113	26.325
1100	26	12	185.115	29.262
1101	26	13	184.741	28.278
1102	26	14	183.798	28.526
1103	26	15	184.62	25.793
1104	26	16	186.087	27.738
1105	26	17	183.029	25.601
1106	26	18	187.074	23.016
1107	26	19	189.374	26.662
1108	26	20	188.384	31.955
1109	26	21	190.299	30.483
1110	26	22	189.046	30.066
1111	26	23	192.17	33.593
1112	26	24	193.643	34.701
1113	26	25	191.398	35.376
1114	26	26	186.692	31.811
1115	26	27	186.447	32.721
1116	26	28	179.338	34.183
1117	26	29	178.781	32.837
1118	26	30	179.896	23.215
1119	26	31	178.462	22.945
1120	26	32	176.995	24.762
1121	26	33	177.217	22.343
1122	26	34	175.272	22.427
1123	26	35	176.293	23.47
1124	26	36	176.484	17.935
1125	26	37	175.476	21.151
1126	26	38	177.357	18.171
1127	26	39	175.827	19.601
1128	26	40	176.145	22.057
1129	26	41	176.461	19.618
1130	26	42	175.365	24.712
1131	26	43	176.446	21.559
1132	26	44	176.661	24.534
1133	26	45	177.818	23.236
1134	26	46	177.666	21.593
1135	26	47	176.407	21.792
1136	26	48	176.661	19.712
1137	26	49	176.487	21.944
1138	26	50	176.519	18.404
1139	26	51	177.721	22.218
1140	26	52	176.466	19.322
1141	26	53	176.543	24.822
1142	26	54	177.299	22.251
1143	26	55	178.064	23.079
1144	26	56	178.048	25.894
1145	26	57	178.861	24.921
1146	26	59	179.286	25.397
1147	26	60	178.74	29.135
1148	26	61	178.33	26.079
1149	26	62	179.197	26.323
1150	26	63	177.712	28.236
1151	26	64	177.699	27.401
1152	26	65	177.462	30.596
1153	26	66	176.274	27.162
1154	26	67	178.579	29.295
1155	26	68	177.234	31.291
1156	26	69	174.459	33.413
1157	26	70	177.709	30.004
1158	26	71	172.224	30.507
1159	26	72	177.362	30.714
1160	26	73	173.417	30.857
1161	26	74	176.876	35.662
1162	26	75	173.376	32.767
1163	26	76	179.106	35.788
1164	26	77	175.446	35.431
1165	26	78	178.161	31.753
1166	26	79	178.486	35.641
1167	26	80	175.353	34.863
1168	26	81	177.518	36.846
1169	26	82	174.958	38.488
1170	26	83	176.157	37.453
1171	26	84	174.664	39.002
1172	26	85	175.204	36.702
1173	26	86	175.444	38.91
1174	26	87	175.297	38.136
1175	26	89	174.558	40.343
1176	26	90	177.533	38.515
1177	26	91	174.342	38.905
1178	26	92	178.373	40.535
1179	26	93	176.41	40.726
1180	26	94	175.979	38.333
1181	26	95	177.434	44.961
1182	27	1	641.251	311.797
1183	27	2	640.162	313.273
1184	27	3	639.893	314.799
1185	27	4	640.094	316.777
1186	27	5	641.831	314.047
1187	27	6	640.224	318.055
1188	27	7	641.511	318.991
1189	27	8	640.36	320.101
1190	27	9	643.359	318.049
1191	27	10	642.805	320.875
1192	27	11	643.779	322.322
1193	27	12	643.474	321.144
1194	27	13	643.246	320.648
1195	27	14	642.869	319.619
1196	27	15	643.355	316.661
1197	27	16	642.724	316.534
1198	27	17	645.035	315.156
1199	27	18	647.155	314.018
1200	27	19	652.052	315.387
1201	27	20	651.05	315.547
1202	27	21	653.429	315.534
1203	27	22	652.019	320.203
1204	27	23	652.443	319.216
1205	27	24	653.443	319.67
1206	27	25	654.669	317.793
1207	27	26	653.94	319.131
1208	27	27	654.779	320.994
1209	27	28	655.758	321.422
1210	27	29	654.685	323.694
1211	27	30	658.471	321.968
1212	27	31	658.415	323.434
1213	27	32	658.891	322.279
1214	27	33	660.877	322.345
1215	27	34	664.95	326.3
1216	27	35	664.95	321.75
1217	27	36	664.95	322.4
1218	27	37	664.95	322.4
1219	27	38	664.95	323.7
1220	27	39	664.95	323.7
1221	27	40	664.95	323.7
1222	27	41	664.95	324.35
1223	27	42	664.95	323.05
1224	27	43	664.95	325.65
1225	27	44	664.95	323.05
1226	27	45	664.95	324.35
1227	27	46	664.95	324.35
1228	27	47	664.95	323.7
1229	27	48	664.95	322.4
1230	27	49	664.95	321.75
1231	27	50	664.95	320.45
1232	27	51	664.95	321.75
1233	27	52	664.95	321.1
1234	27	53	664.95	321.75
1235	27	54	664.95	321.75
1236	27	55	664.95	320.45
1237	27	56	664.95	320.45
1238	27	57	664.95	321.75
1239	27	58	664.95	320.45
1240	27	59	664.95	321.1
1241	27	60	664.95	322.4
1242	27	61	664.95	320.45
1243	27	62	664.95	318.5
1244	27	63	664.95	319.15
1245	27	64	664.95	317.85
1246	27	65	664.95	318.5
1247	27	66	664.95	317.2
1248	27	67	664.95	316.55
1249	27	68	664.95	317.85
1250	27	69	664.95	316.55
1251	27	70	664.95	317.85
1252	27	71	664.95	317.2
1253	27	72	659.564	316.229
1254	27	73	659.656	315.859
1255	27	74	658.291	316.995
1256	27	75	659.057	316.536
1257	27	76	657.791	315.799
1258	27	77	658.181	315.143
1259	27	78	657.869	315.27
1260	27	79	656.5	316.658
1261	27	80	656.148	318.012
1262	27	81	657.217	316.325
1263	27	82	657.456	315.456
1264	27	83	658.106	314.177
1265	27	84	656.004	317.555
1266	27	85	657.467	317.554
1267	27	86	656.911	317.199
1268	27	87	655.793	316.611
1269	27	88	658.143	317.127
1270	27	89	655.248	317.717
1271	27	90	655.735	318.666
1272	27	91	654.016	318.908
1273	27	92	654.251	317.887
1274	27	93	654.595	316.749
1275	27	94	654.256	318.036
1276	27	95	654.511	318.447
1277	27	96	653.961	319.249
1278	29	5	125.722	388.619
1279	29	6	123.18	385.018
1280	29	7	120.18	383.068
1281	29	8	124.944	389.421
1282	29	9	110.379	371.226
1283	29	10	106.836	364.544
1284	29	11	109.418	367.469
1285	29	12	104.041	361.697
1286	29	13	112.114	369.487
1287	29	14	108.299	364.175
1288	29	15	109.197	364.832
1289	29	16	116.597	369.168
1290	29	17	116.349	369.513
1291	29	18	119.774	374.336
1292	29	19	123.4	380.528
1293	29	20	121.68	379.649
1294	29	21	121.776	381.09
1295	29	22	117.825	377.713
1296	29	23	120.269	373.34
1297	29	24	118.832	371.391
1298	29	25	118.778	368.634
1299	29	26	119.415	370.005
1300	29	27	118.08	370.01
1301	29	28	116.611	371.985
1302	29	29	117.236	371.435
1303	29	30	117.267	370.293
1304	29	31	116.575	371.754
1305	29	32	117.801	373.291
1306	29	33	117.591	373.621
1307	29	34	117.737	374.145
1308	29	35	120.774	374.267
1309	29	36	120.779	376.246
1310	29	37	124.727	377.037
1311	29	38	127.405	376.962
1312	29	39	121.142	375.655
1313	29	40	119.177	374.627
1314	29	41	122.286	375.986
1315	29	42	119.728	374.065
1316	29	43	119.209	373.104
1317	29	44	117.419	373.554
1318	29	45	114.028	372.515
1319	29	46	117.583	374.211
1320	29	47	121.66	374.776
1321	29	48	117.63	371.581
1322	29	49	120.528	373.567
1323	29	50	121.588	372.575
1324	29	51	115.8	370.091
1325	29	52	114.193	369.804
1326	29	53	112.262	370.091
1327	29	54	117.793	371.63
1328	29	55	114.374	369.91
1329	29	56	109.777	368.269
1330	29	57	112.795	369.703
1331	29	58	115.877	370.153
1332	31	5	515.409	558.385
1333	31	6	516.221	557.217
1334	31	7	516.477	558.447
1335	31	8	516.686	557.385
1336	31	9	515.875	558.389
1337	31	10	518.911	558.332
1338	31	11	517.184	559.604
1339	31	12	518.163	558.618
1340	31	13	515.326	556.7
1341	31	14	516.045	555.488
1342	31	15	514.297	553.702
1343	31	16	513.772	553.69
1344	31	17	512.816	553.22
1345	31	18	510.181	553.304
1346	31	19	512.814	552.67
1347	31	20	512.748	554.815
1348	31	21	515.848	554.82
1349	31	22	515.105	555.79
1350	31	23	516.435	555.689
1351	31	24	516.129	557.078
1352	31	25	516.558	556.968
1353	31	26	515.61	556.065
1354	31	27	513.319	558.916
1355	31	28	512.415	559
1356	31	29	515.726	557.654
1357	31	30	513.227	558.454
1358	31	31	512.639	558.063
1359	31	32	514.617	556.769
1360	31	33	511.309	557.87
1361	31	34	508.619	557.917
1362	31	35	512.584	557.692
1363	31	36	512.101	554.663
1364	31	37	512.523	550.378
1365	31	38	512.664	551.135
1366	31	39	512.72	552.072
1367	31	40	513.172	550.406
1368	31	41	516.74	550.414
1369	31	42	517.123	548.798
1370	31	43	519.889	547.004
1371	31	44	520.447	547.736
1372	31	45	520.668	546.454
1373	31	46	520.468	545.62
1374	31	47	525.478	542.784
1375	31	48	524.599	541.552
1376	33	11	89.213	528.275
1377	33	12	80.869	527.519
1378	33	14	93.932	522.647
1379	33	15	76.997	522.027
1380	33	16	95.962	519.686
1381	33	17	88.717	519.421
1382	33	18	79.945	518.982
1383	33	20	96.208	518.999
1384	33	21	100.96	520.202
1385	33	22	113.213	519.147
1386	33	23	121.848	516.452
1387	33	24	126.476	515.671
1388	33	25	134.574	511.753
1389	33	26	115.434	518.634
1390	33	27	95.493	524.34
1391	33	28	96.509	522.005
1392	33	29	96.15	521.092
1393	33	30	75.076	513.323
1394	33	32	83.677	519.768
1395	33	33	71.018	514.606
1396	33	34	72.121	514.058
1397	33	35	73.21	513.38
1398	34	13	319.143	226.562
1399	34	14	312.944	223.435
1400	34	15	300.26	222.358
1401	34	16	289.872	220.117
1402	34	17	284.838	222.084
1403	34	18	287.414	222.978
1404	34	19	282.638	222.657
1405	34	20	282.154	225.565
1406	34	21	280.807	228.89
1407	34	22	270.288	232.837
1408	34	23	274.088	231.025
1409	34	24	266.785	235.085
1410	34	25	258.04	236.159
1411	34	26	255.614	238.47
1412	34	27	245.221	245.301
1413	34	28	241.789	247.79
1414	34	29	238.368	249.875
1415	34	30	232.744	251.807
1416	34	31	235.025	253.226
1417	34	32	229.467	261.04
1418	34	33	230.71	258.757
1419	34	34	229.539	261.932
1420	34	35	235.149	256.179
1421	34	36	224.776	269.66
1422	34	37	227.767	265.377
1423	34	38	223.294	270.552
1424	34	39	223.432	267.975
1425	34	40	223.617	270.065
1426	34	41	215.715	278.853
1427	34	42	212.962	279.313
1428	34	43	212.148	280.367
1429	34	44	206.041	287.724
1430	34	45	205.549	287.543
1431	34	46	200.962	290.662
1432	34	47	196.973	298.207
1433	34	48	199.09	297.46
1434	34	49	197.977	300.182
1435	34	50	198.46	299.51
1436	34	51	196.402	307.784
1437	34	52	194.115	314.932
1438	34	53	191.333	327.782
1439	34	54	190.362	328.391
1440	34	55	188.282	334.054
1441	34	56	188.299	332.905
1442	34	57	190.474	329.923
1443	34	58	194.195	314.923
1444	34	59	194.085	313.681
1445	34	60	193.749	318.677
1446	34	61	190.26	333.061
1447	34	62	189.765	334.71
1448	34	63	191.446	330.517
1449	34	64	198.103	308.19
1450	34	65	198.091	307.166
1451	34	66	193.133	315.135
1452	34	67	190.561	318.865
1453	34	68	191.5	315.552
1454	34	69	193.091	307.816
1455	34	74	193.597	315.089
1456	34	75	192.653	317.043
1457	34	76	193.416	315.821
1458	34	77	194.04	315.971
1459	34	78	192.421	315.075
1460	34	79	193.998	316.974
1461	38	16	201.5	0
1462	38	17	200.2	0
1463	38	18	199.55	0
1464	38	21	203.45	0
1465	38	22	205.4	0
1466	38	23	204.75	0
1467	38	24	205.4	0
1468	38	25	204.1	0
1469	38	26	204.75	0
1470	38	27	206.05	0
1471	38	28	206.05	0
1472	38	29	203.628	6.842
1473	38	30	204.201	7.845
1474	38	31	199.642	22.891
1475	38	32	199.194	28.967
1476	38	33	199.175	27.251
1477	38	34	199.743	25.693
1478	38	35	199.189	33.718
1479	38	36	200.004	40.185
1480	38	37	202.239	44.506
1481	38	38	202.278	44.454
1482	38	39	205.023	48.368
1483	38	40	210.73	54.162
1484	38	41	208.744	51.278
1485	38	42	214.649	56.28
1486	38	43	217.397	58.004
1487	38	44	215.549	55.497
1488	38	45	219.586	58.4
1489	38	46	222.574	61.216
1490	38	47	220.747	58.141
1491	38	48	223.085	57.847
1492	38	49	225.098	60.174
1493	38	50	225.465	58.693
1494	38	51	226.305	58.262
1495	38	52	229.558	60.652
1496	38	53	234.801	62.19
1497	38	54	235.889	63.375
1498	38	55	237.358	62.737
1499	38	56	235.104	61.344
1500	38	57	237.144	62.554
1501	38	58	240.064	63.565
1502	38	59	239.845	63.127
1503	38	60	239.067	62.884
1504	38	61	240.614	63.604
1505	38	62	246.222	65.246
1506	38	63	246.212	65.346
1507	38	64	244.577	64.857
1508	38	65	250.739	67.217
1509	38	66	244.567	64.866
1510	38	67	244.317	60.707
1511	38	68	244.297	59.791
1512	38	69	245.047	57.79
1513	38	70	240.046	54.102
1514	38	71	240.897	55.032
1515	38	72	245.374	55.356
1516	38	73	244.133	52.746
1517	38	74	246.514	53.335
1518	38	75	243.827	50.835
1519	38	76	247.055	52.876
1520	38	77	254.671	57.605
1521	38	78	254.899	54.076
1522	38	79	253.179	52.424
1523	38	80	254.936	54.072
1524	38	81	259.421	57.704
1525	38	82	256.334	55.726
1526	38	83	260.378	56.929
1527	38	84	259.612	56.779
1528	38	85	260.031	55.332
1529	38	86	259.249	54.186
1530	38	87	257.356	52.538
1531	38	88	259.719	51.714
1532	38	89	259.712	52.432
1533	38	90	248.889	44.356
1534	38	91	251.476	44.921
1535	38	92	246.988	40.023
1536	38	93	234.644	28.778
1537	40	20	380.822	582.375
1538	40	21	383.886	583.2
1539	40	22	385.778	583.952
1540	40	23	387.532	583.418
1541	40	24	389.933	583.324
1542	40	25	392.321	582.537
1543	40	26	393.46	581.304
1544	40	27	395.394	582.368
1545	40	28	396.598	582.108
1546	40	29	396.822	581.416
1547	40	30	398.228	579.794
1548	40	31	399.065	580.533
1549	40	32	400.447	579.787
1550	40	33	403.508	578.465
1551	40	34	404.176	578.458
1552	40	35	404.01	577.667
1553	40	40	412.838	575.147
1554	40	41	411.784	575.774
1555	40	42	411.812	576.824
1556	40	43	412.267	577.403
1557	40	44	414.043	576.558
1558	40	45	414.594	575.828
1559	40	46	415.419	575.292
1560	40	49	428.411	576.098
1561	40	50	428.095	576.164
1562	40	51	426.439	575.313
1563	43	27	322.697	233.6
1564	43	28	314.968	233.356
1565	43	29	310.099	234.172
1566	43	30	305.261	231.783
1567	43	31	302.874	232.09
1568	43	32	297.832	229.985
1569	43	33	294.215	231.866
1570	43	34	288.035	232.599
1571	43	37	283.456	234.654
1572	43	38	287.703	232.045
1573	43	41	286.572	233.128
1574	43	42	285.812	232.284
1575	43	43	281.74	235.646
1576	43	44	279.991	236.522
1577	43	45	276.877	237.05
1578	43	46	271.791	240.011
1579	43	47	264.149	245.464
1580	43	48	257.712	252.03
1581	43	49	247.76	259.338
1582	43	50	239.412	265.337
1583	43	51	235.33	267.236
1584	43	52	228.961	270.736
1585	43	53	225.838	273.4
1586	43	54	221.376	278.488
1587	43	55	217.202	280.528
1588	43	56	213.041	284.534
1589	43	57	206.351	289.067
1590	43	58	204.689	293.444
1591	43	59	207.516	292.449
1592	43	60	208.424	291.6
1593	43	61	207.373	294.732
1594	44	28	118.29	360.544
1595	44	29	124.302	362.018
1596	44	30	125.508	362.004
1597	44	31	124.283	361.908
1598	44	32	126.045	361.944
1599	44	33	125.215	361.03
1600	44	34	125.732	360.733
1601	44	35	123.717	359.919
1602	44	36	124.151	359.437
1603	44	37	128.843	357.38
1604	44	38	130.363	358.226
1605	44	39	127.396	358.13
1606	44	40	127.152	358.693
1607	44	41	130.6	357.534
1608	44	42	127.794	357.078
1609	44	43	130.864	358.073
1610	44	44	134.796	357.349
1611	44	45	127.89	358.193
1612	44	46	135.372	358.508
1613	44	47	131.888	357.555
1614	44	48	128.485	357.824
1615	44	49	134.212	358.021
1616	44	51	124.509	357.031
1617	44	52	126.205	357.337
1618	44	53	130.879	357.669
1619	44	54	131.723	358.478
1620	44	55	131.352	357.525
1621	44	56	128.62	358.304
1622	44	57	128.194	357.347
1623	44	58	133.698	357.568
1624	44	59	131.907	358.037
1625	44	60	129.474	358.129
1626	44	61	132.263	357.988
1627	44	62	132.539	356.751
1628	44	63	129.666	357.571
1629	44	64	130.37	357.053
1630	44	65	130.958	357.321
1631	44	66	127.129	356.911
1632	44	67	130.291	357.785
1633	44	68	130.303	358.079
1634	44	69	132.542	357.293
1635	44	70	133.827	357.29
1636	44	71	131.062	359.542
1637	44	72	132.96	358.3
1638	44	73	129.555	356.607
1639	44	74	133.629	358.033
1640	44	75	126.733	357.805
1641	44	76	131.711	358.406
1642	44	77	137.02	358.728
1643	44	78	133.327	357.492
1644	44	79	137.742	358.061
1645	44	80	129.742	358.695
1646	44	82	129.403	357.026
1647	44	83	136.842	357.307
1648	44	84	139.483	358.156
1649	44	85	140.618	357.124
1650	44	86	143.505	358.263
1651	44	91	141.536	357.843
1652	44	92	143.703	357.969
1653	44	93	138.624	355.381
1654	44	94	139.461	357.666
1655	44	95	146.17	357.813
1656	44	96	146.06	358.648
1657	49	36	278.85	0
1658	49	37	279.5	0
1659	49	38	280.15	0
1660	49	41	281.45	0
1661	49	42	280.15	0
1662	49	43	280.832	1.349
1663	49	44	283.214	8.321
1664	49	45	284.509	9.38
1665	49	46	283.621	8.057
1666	49	47	283.906	9.755
1667	49	48	285.764	12.498
1668	49	49	287.127	13.877
1669	49	50	288.842	18.305
1670	49	51	290.007	19.907
1671	49	52	289.1	20.355
1672	49	53	289.979	21.35
1673	49	54	289.254	20.83
1674	49	55	287.906	19.851
1675	49	56	288.646	19.466
1676	49	57	289.922	21.102
1677	49	58	289.176	18.679
1678	49	59	292.122	24.47
1679	49	60	293.602	26.726
1680	49	61	293.997	25.392
1681	49	62	299.24	22.566
1682	49	63	296.127	25.633
1683	49	64	296.469	23.503
1684	49	65	296.325	25.4
1685	49	66	302.677	24.157
1686	49	67	304.069	24.319
1687	49	69	305.166	23.849
1688	49	70	303.699	23.657
1689	49	71	307.859	25.021
1690	49	72	304.285	24.371
1691	49	73	307.908	23.616
1692	49	74	307.963	22.107
1693	49	75	303.538	23.297
1694	49	76	303.769	20.41
1695	49	77	304.339	19.598
1696	49	78	302.487	19.218
1697	49	79	305.974	15.893
1698	49	80	310.689	12.807
1699	49	81	311.249	11.663
1700	49	82	309.641	10.924
1701	49	83	312.335	12.968
1702	49	84	306.932	14.604
1703	49	85	309.728	10.838
1704	49	86	312	13.65
1705	49	87	309.73	12.968
1706	49	88	311.47	17.825
1707	49	89	310.526	13.514
1708	49	90	314.05	15.913
1709	49	91	309.423	14.242
1710	49	92	309.609	14.462
1711	49	93	309.952	10.542
1712	49	94	307.782	10.932
1713	50	36	218.332	127.828
1714	50	37	218.138	128.674
1715	50	38	218.786	110.315
1716	50	39	204.743	99.259
1717	50	40	203.213	95.827
1718	50	41	199.819	92.854
1719	50	42	185.582	81.053
1720	50	43	190.46	86.144
1721	50	44	193.313	86.597
1722	50	45	188.414	83.528
1723	50	46	192.136	86.928
1724	50	47	188.548	83.758
1725	50	48	189.193	82.958
1726	50	49	188.753	85.445
1727	50	50	188.206	82.182
1728	50	51	186.622	81.883
1729	50	52	185.741	81.859
1730	50	53	187.209	85.166
1731	50	54	186.377	83.477
1732	50	55	184.159	79.397
1733	50	56	178.696	82.012
1734	50	57	183.716	80.454
1735	50	58	182.412	80.769
1736	50	59	181.144	80.338
1737	50	60	182.562	83.046
1738	50	61	184.943	84.673
1739	50	62	186.577	87.274
1740	50	63	187.357	88.686
1741	50	64	192.71	89.898
1742	62	52	315.25	27.95
1743	62	53	314.934	27.217
1744	62	54	313.753	25.494
1745	62	55	314.6	26
1746	62	56	315.076	27.134
1747	62	58	315.047	27.248
1748	62	59	315.064	27.017
1749	62	60	314.488	27.752
1750	62	61	313.785	24.87
1751	62	62	310.745	22.385
1752	62	67	296.33	23.037
1753	62	68	299.782	24.828
1754	62	69	298.528	23.917
1755	62	71	298.964	25.558
1756	62	72	301.022	24.814
1757	62	73	299.963	27.168
1758	66	57	664.95	372.45
1759	66	58	660.26	372.89
1760	66	59	653.76	373.026
1761	66	60	654.736	375.407
1762	66	61	656.164	375.069
1763	66	62	648.182	374.817
1764	66	63	636.891	376.175
1765	66	64	627.081	376.235
1766	66	65	623.316	374.976
1767	66	66	613.027	373.112
1768	66	67	614.308	373.278
1769	66	68	607.163	372.925
1770	66	69	611.721	373.738
1771	66	70	611.014	375.186
1772	66	71	618	376.829
1773	66	72	626.155	377.51
1774	66	73	632.496	377.935
1775	66	74	635.115	379.526
1776	66	75	636.079	381.679
1777	66	76	639.507	380.332
1778	66	77	640.987	382.256
1779	66	78	631.221	380.944
1780	66	79	624.596	382.375
1781	66	80	615.946	381.894
1782	66	81	605.742	380.488
1783	66	82	600.242	378.283
1784	66	83	594.905	376.513
1785	66	84	590.506	375.723
1786	66	85	594.175	376.866
1787	66	86	603.322	379.019
1788	66	88	603.888	381.49
1789	66	89	608.719	382.91
1790	66	90	613.552	384.697
1791	66	91	621.569	384.966
1792	66	93	628.771	384.32
1793	66	94	635.289	385.102
1794	66	95	632.789	386.604
1795	68	58	55.012	507.21
1796	68	59	58.441	509.837
1797	68	64	62.74	508.653
1798	68	65	51.493	506.936
1799	68	69	49.799	508.677
1800	68	70	65.428	508.173
1801	68	71	59.698	509.719
1802	68	72	51.103	530.538
1803	68	73	59.156	529.177
1804	68	74	48.772	528.691
1805	68	75	50.74	533.704
1806	68	76	48.227	538.724
1807	68	77	58.399	547.917
1808	68	79	60.843	552.608
1809	68	80	60.794	552.191
1810	68	81	63.587	554.582
1811	68	82	61.679	563.83
