	TRACK_ID	FRAME	POSITION_X	POSITION_Y
1	2	0	459.883	36.017
2	2	1	460.614	35.131
3	2	2	459.727	35.115
4	2	3	459.453	33.897
5	2	4	458.976	32.813
6	2	5	457.608	32.687
7	2	6	459.814	32.65
8	2	7	459.505	32.32
9	2	8	459.646	31.005
10	2	9	459.252	31.545
11	2	10	456.93	33.52
12	2	11	459.115	30.661
13	2	12	458.142	31.337
14	2	13	457.25	30.199
15	2	14	459.788	29.679
16	2	15	457.972	27.933
17	2	16	458.036	28.697
18	2	17	456.556	24.555
19	2	18	455.095	15.885
20	2	19	454.944	16.803
21	2	20	454.269	14.703
22	2	21	453.554	13.105
23	2	22	453.208	12.372
24	2	23	452.756	11.854
25	2	24	453.068	10.401
26	2	25	454.225	11.66
27	2	26	454.885	15.304
28	2	27	455.04	16.322
29	2	28	455.49	18.461
30	2	32	458.839	10.047
31	2	33	459.337	9.224
32	2	34	459.701	11.162
33	2	35	459.089	11.552
34	4	0	318.895	204.559
35	4	1	319.235	206.397
36	4	2	319.559	209.61
37	4	3	321.833	212.829
38	4	4	326.321	216.581
39	4	5	323.83	212.594
40	4	6	317.309	200.645
41	4	7	316.865	197.146
42	4	8	317.126	196.063
43	4	9	311.204	194.015
44	4	10	315.503	199.699
45	4	11	318.595	201.231
46	4	12	322.436	209.628
47	4	13	324.276	213.895
48	4	14	325.935	217.226
49	4	15	324.027	214.933
50	4	16	321.882	214.84
51	4	17	320.383	214.534
52	4	18	321.326	215.309
53	4	19	323.747	217.511
54	4	20	319.724	220.51
55	4	21	316.681	221.348
56	4	22	315.126	221.735
57	4	23	303.336	227.262
58	4	24	298.615	235.565
59	4	25	299.916	240.17
60	4	26	301.95	241.972
61	4	27	301.451	239.305
62	4	28	305.214	239.127
63	4	29	305.572	239.711
64	4	30	303.954	238.895
65	4	31	302.278	238.537
66	4	32	301.736	237.232
67	4	33	300.806	234.082
68	4	34	302.11	231.772
69	4	35	301.263	228.816
70	4	36	304.077	229.371
71	4	37	303.864	228.447
72	4	38	304.519	229.761
73	4	39	304.633	226.82
74	4	40	304.3	224.099
75	4	41	306.526	224.826
76	4	42	311.114	225.57
77	4	43	313.806	226.223
78	4	44	312.01	232.723
79	4	45	309.939	234.72
80	4	46	307.655	235.147
81	4	47	309.768	232.253
82	4	48	312.098	234.375
83	4	49	315.272	231.914
84	4	50	315.229	227.08
85	4	51	315.222	224.181
86	4	52	311.406	226.143
87	4	53	307.963	229.81
88	4	54	302.757	231.354
89	4	55	308.156	230.437
90	4	56	311.711	229.231
91	4	57	314.297	233.141
92	4	58	315.44	236.982
93	4	59	315.397	240.912
94	4	60	315.944	243.928
95	4	61	315.916	245.891
96	4	62	312.877	243.795
97	4	63	310.016	236.96
98	4	64	309.651	240.394
99	4	65	311.313	244.225
100	4	66	311.437	249.056
101	4	67	312.821	246.007
102	4	68	312.512	247.18
103	4	69	312.533	245.525
104	4	70	314.873	243.703
105	4	71	319.097	238.103
106	4	72	324.539	230.274
107	4	73	324.822	231.024
108	4	74	320.498	239.778
109	4	75	314.424	245.823
110	4	76	312.406	248.114
111	4	77	311.231	249.408
112	4	78	309.888	247.85
113	4	79	312.721	247.316
114	4	80	312.486	246.353
115	4	81	312.157	245.685
116	4	82	312.01	245.33
117	4	83	312.066	245.458
118	4	84	312.228	245.596
119	4	85	311.334	244.538
120	4	86	313.636	241.336
121	4	87	311.709	242.275
122	4	88	311.925	243.017
123	4	89	314.568	242.608
124	4	90	315.468	242.219
125	4	91	314.458	243.665
126	4	92	314.515	243.691
127	4	93	313.435	242.941
128	4	94	314.472	243.482
129	4	95	314.43	243.122
130	4	96	316.615	242.556
131	9	0	406.184	429.384
132	9	1	405.647	425.631
133	9	2	407.103	422.002
134	9	3	406.036	423.843
135	9	4	404.686	426.239
136	9	5	401.606	431.077
137	9	6	398.861	438.743
138	9	7	397.685	442.486
139	9	8	398.012	434.893
140	9	9	399.481	429.877
141	9	10	397.068	432.847
142	9	11	397.873	430.418
143	9	12	396.347	430.386
144	9	13	395.596	432.453
145	9	14	395.49	432.286
146	9	15	397.557	427.611
147	9	16	400.125	424.126
148	9	17	399.678	424.155
149	9	18	400.587	420.745
150	9	19	400.513	420.191
151	9	20	398.839	419.445
152	9	21	401.598	414.54
153	9	22	404.174	411.277
154	9	23	405.034	408.863
155	9	24	406.017	408.311
156	9	25	404.018	410.029
157	9	26	406.305	411.43
158	9	27	404.482	413.924
159	9	28	406.763	412.366
160	9	29	406.577	411.067
161	9	30	410.099	409.634
162	9	31	409.042	410.073
163	9	32	408.662	409.667
164	9	33	407.977	408.788
165	9	34	407.567	409.33
166	9	35	407.907	409.407
167	9	36	408.997	409.499
168	9	37	408.922	409.299
169	9	38	409.315	408.865
170	9	39	411.193	407.336
171	9	40	411.501	405.936
172	9	41	410.992	406.681
173	9	42	410.07	405.366
174	9	43	413.109	404.296
175	9	44	411.391	405.401
176	9	45	410.679	405.828
177	9	46	411.14	403.202
178	9	47	411.92	402.983
179	9	48	411.491	402.735
180	9	49	415.461	400.804
181	9	50	415.724	399.54
182	9	51	406.397	399.597
183	9	52	408.97	398.936
184	9	53	408.875	398.636
185	9	54	412.353	398.019
186	9	55	409.592	397.449
187	9	56	408.426	397.336
188	9	57	412.153	397.308
189	9	58	410.397	397.172
190	9	59	410.052	397.434
191	9	60	411.692	396.28
192	9	61	410.663	396.127
193	9	62	411.71	396.918
194	9	63	413.419	395.996
195	9	64	412.696	395.604
196	9	65	411.491	396.562
197	9	66	411.1	396.242
198	9	67	409.555	395.597
199	9	68	411.085	395.995
200	9	69	408.371	397.202
201	9	70	410.484	396.628
202	9	71	410.714	394.835
203	9	72	410.099	395.902
204	9	73	409.176	397.39
205	9	74	409.174	395.399
206	9	75	409.863	392.9
207	9	76	411.122	395.784
208	9	77	410.285	396.615
209	9	78	409.918	396.062
210	9	79	410.066	394.477
211	9	80	414.546	395.669
212	9	81	411.692	395.014
213	9	82	411.1	394.758
214	9	83	410.382	393.328
215	9	84	410.616	394.156
216	9	85	410.879	394.263
217	9	86	407.249	395.49
218	9	87	410.298	396.182
219	9	88	408.659	395.707
220	9	89	409.453	394.278
221	9	90	410.13	395.043
222	9	91	409.849	394.739
223	9	92	410.032	394.721
224	9	93	407.598	396.689
225	9	94	409.756	392.742
226	9	95	413.392	395.153
227	9	96	406.469	393.064
228	13	0	417.527	461.084
229	13	1	415.178	467.043
230	13	2	415.98	467.218
231	13	3	416.632	467.327
232	13	4	416.56	465.785
233	13	5	412.359	469.844
234	13	6	412.623	470.103
235	13	7	412.664	469.053
236	13	8	410.86	471.089
237	13	9	412.911	461.545
238	13	10	412.119	462.544
239	13	11	412.223	458.889
240	13	12	412.293	457.531
241	13	13	412.019	452.196
242	13	14	411.996	450.798
243	13	15	413.002	454.627
244	13	16	412.923	459.112
245	13	17	414.092	464.833
246	13	18	414.239	463.34
247	13	19	413.728	461.943
248	13	20	413.516	465.056
249	13	21	414.362	462.67
250	13	22	413.122	462.584
251	13	23	411.325	459.028
252	13	24	412.414	462.911
253	13	25	412.451	465.576
254	13	26	413.372	466.65
255	13	27	414.014	471.092
256	13	28	413.598	470.338
257	13	29	411.578	469.891
258	13	30	410.746	469.109
259	13	31	410.666	470.421
260	13	32	410.387	471.02
261	13	33	409.715	470.111
262	13	34	409.514	468.969
263	13	35	408.912	468.709
264	13	36	408.109	470.248
265	13	37	407.489	470.364
266	13	38	406.485	472.208
267	13	39	407.039	471.84
268	13	40	407.554	472.604
269	13	41	406.655	472.472
270	13	42	407.269	470.656
271	13	43	407.182	470.989
272	13	44	406.68	471.1
273	13	45	405.987	471.257
274	13	46	406.977	472.747
275	13	47	406.267	474.24
276	13	48	406.232	471.896
277	13	49	406.177	472.937
278	13	50	406.432	472.422
279	13	51	407.206	470.995
280	13	52	406.314	472.03
281	13	53	406.52	475.384
282	13	54	406.09	474.925
283	13	55	405.699	473.955
284	13	56	407.176	475.762
285	13	57	407.404	477.343
286	13	58	408.697	477.326
287	13	59	408.876	476.713
288	13	60	408.127	477.639
289	13	61	409.235	477.731
290	13	62	410.451	477.196
291	13	63	409.161	478.39
292	13	64	409.341	479.316
293	13	65	409.868	478.348
294	13	66	408.995	476.518
295	13	67	409.533	478.235
296	13	68	406.816	478.684
297	13	69	407.185	479.047
298	13	70	408.47	479.456
299	13	71	408.352	478.933
300	13	72	409.025	480.182
301	13	73	411.335	477.117
302	13	74	409.544	477.722
303	13	75	411.073	476.87
304	13	76	411.404	476.827
305	13	77	412.476	476.483
306	13	78	412.889	477.204
307	13	79	413.585	475.996
308	13	80	413.687	477.332
309	13	81	414.372	477.671
310	13	82	414.363	477.788
311	13	83	416.164	477.664
312	13	84	415.163	480.867
313	13	85	414.922	480.061
314	13	86	415.438	479.526
315	13	87	415.367	480.671
316	13	90	415.437	483.382
317	13	91	414.935	485.182
318	13	92	415.759	485.055
319	16	0	219.058	481.698
320	16	1	219.266	481.827
321	16	2	220.214	479.765
322	16	3	222.402	473.533
323	16	4	222.218	472.441
324	16	5	221.262	472.693
325	16	6	221.446	470.977
326	16	7	220.724	469.834
327	16	8	222.164	466.687
328	16	9	221.814	465.12
329	16	10	222.86	462.901
330	16	11	224.443	457.214
331	16	12	226.759	451.979
332	16	13	227.067	450.317
333	16	14	226.75	449.313
334	16	15	226.122	448.588
335	16	16	226.749	445.456
336	16	17	226.911	442.853
337	16	18	226.527	441.534
338	16	19	225.526	439.43
339	16	20	225.267	437.105
340	16	21	224.096	437.033
341	16	22	225.042	434.709
342	16	23	224.839	433.873
343	16	24	225.706	434.321
344	16	25	226.1	437.348
345	16	26	227.87	439.495
346	16	27	229.259	439.902
347	16	28	230.97	438.523
348	16	29	229.55	440.77
349	16	30	228.863	442.368
350	16	31	229.23	442.717
351	16	32	230.256	442.012
352	16	33	231.917	438.203
353	16	34	235.016	434.264
354	16	35	225.392	446.468
355	16	36	225.967	443.944
356	16	37	227.988	440.448
357	16	38	226.773	440.128
358	16	39	227.013	439.013
359	16	40	227.385	437.968
360	16	41	228.247	439.264
361	16	42	229.974	438.781
362	16	43	231.235	440.429
363	16	44	230.869	440.081
364	16	45	230.617	439.383
365	16	46	230.306	438.223
366	16	47	230.764	436.446
367	16	48	231.672	437.393
368	16	49	231.051	437.406
369	16	50	230.527	437.418
370	16	51	230.755	436.2
371	16	52	230.387	436.208
372	16	53	229.96	437.096
373	16	54	231.27	437.358
374	16	55	230.989	436.623
375	16	56	230.672	436.884
376	16	57	230.548	436.585
377	16	58	230.667	435.883
378	16	59	231.105	436.238
379	16	60	230.225	435.182
380	16	61	230.445	435.852
381	16	62	231.206	436.984
382	16	63	231.184	436.925
383	16	64	231.745	436.915
384	16	65	233.081	437.399
385	16	66	232.826	437.885
386	16	67	232.793	436.498
387	16	68	232.154	435.257
388	16	69	232.817	435.877
389	16	70	233.156	437.087
390	16	71	233.773	436.72
391	16	72	233.308	434.98
392	16	73	234.095	435.234
393	16	74	234.804	434.873
394	16	75	234.436	433.834
395	16	76	234.515	431.544
396	16	77	230.516	424.227
397	16	78	228.438	418.371
398	16	79	229.175	416.716
399	16	80	226.742	412.491
400	16	81	224.522	404.26
401	16	82	224.92	403.039
402	16	83	223.987	400.519
403	16	84	227.504	406.062
404	16	85	227.676	404.705
405	16	86	228.258	404.395
406	16	87	228.114	404.053
407	16	88	226.343	400.035
408	16	89	220.454	389.302
409	16	90	217.029	381.977
410	16	91	213.749	375.061
411	16	92	211.564	369.292
412	16	93	211.014	366.275
413	16	94	213.536	367.77
414	16	95	214.886	364.474
415	16	96	217.222	366.407
416	20	1	447.482	452.729
417	20	2	444.519	458.062
418	20	3	444.303	468.225
419	20	4	443.321	476.314
420	20	5	442.764	476.349
421	20	6	443.354	492.125
422	20	7	444.07	499.414
423	20	8	444.645	500.529
424	20	9	444.917	502.181
425	20	10	446.481	511.611
426	20	11	446.829	514.096
427	20	12	447.017	519.047
428	20	13	447.907	528.721
429	20	14	448.992	535.415
430	20	15	448.705	536.226
431	20	16	448.84	540.305
432	20	17	449.103	539.823
433	20	18	449.538	543.35
434	20	19	449.226	547.3
435	20	20	449.338	547.773
436	20	21	449.624	552.102
437	20	22	451.337	561.769
438	20	23	452.142	569.374
439	20	24	452.962	577.015
440	20	25	454.712	582.096
441	20	26	455.737	586.92
442	20	27	456.25	586.796
443	20	28	455.962	585.202
444	20	29	456.687	583.85
445	20	30	456.525	585.74
446	20	31	456.927	585.58
447	20	32	456.629	584.266
448	20	33	456.85	585.584
449	20	34	457.274	590.422
450	20	35	457.224	588.81
451	20	36	456.231	590.279
452	20	37	456.423	594.412
453	20	38	455.538	599.781
454	20	39	456.998	595.792
455	20	40	456.533	594.625
456	20	41	456.38	592.601
457	20	42	456.299	592.12
458	20	43	456.719	594.82
459	20	44	455.829	599.868
460	20	45	456.384	601.484
461	20	46	457.127	601.965
462	20	47	458.968	595.844
463	20	48	460.517	588.787
464	20	49	461.178	587.048
465	20	50	462.425	587.506
466	20	51	460.821	581.95
467	20	52	458.906	581.974
468	20	53	457.611	581.634
469	20	54	458.375	586.37
470	20	55	457.439	585.619
471	20	56	456.5	587.305
472	20	57	454.296	587.688
473	20	58	461.248	591.989
474	20	59	459.574	591.796
475	20	60	462.447	593.014
476	20	61	463.527	593.073
477	20	62	454.589	589.291
478	20	63	461.901	592.182
479	20	64	462.691	591.955
480	20	65	465.454	592.138
481	20	66	464.17	592
482	20	67	466.63	591.555
483	20	68	467.801	590.73
484	20	69	474.151	591.869
485	20	70	475.951	590.215
486	20	71	475.703	589.692
487	20	72	477.743	589.718
488	20	73	483.387	590.951
489	20	74	480.722	589.706
490	20	75	490.657	589.289
491	20	76	490.679	590.467
492	20	77	481.57	588.679
493	20	78	495.655	591.023
494	20	79	495.968	589.787
495	20	80	492.674	590.238
496	20	81	500.354	589.541
497	20	82	492.58	588.947
498	20	83	499.798	588.871
499	20	84	497.382	589.172
500	20	85	496.732	589.18
501	20	86	499.26	587.375
502	20	87	500.153	587.397
503	20	88	487.013	587.499
504	20	89	494.621	586.624
505	20	90	500.441	587.337
506	20	91	494.603	587.009
507	20	92	488.001	586.542
508	20	93	501.651	588.012
509	20	94	499.421	587.073
510	20	95	500.266	587.861
511	20	96	497.847	587.461
512	22	1	126.444	570.29
513	22	2	123.012	567.686
514	22	3	119.775	562.646
515	22	4	124.139	565.134
516	22	5	122.881	562.741
517	22	6	118.474	562.613
518	22	7	124.405	567.211
519	22	8	124.678	568.539
520	22	9	122.782	566.638
521	22	10	123.475	568.683
522	22	11	121.663	566.19
523	22	12	122.276	569.148
524	22	13	123.109	567.915
525	22	14	123.341	570.859
526	22	15	122.78	571.821
527	22	19	123.414	573.492
528	22	20	123.399	574.054
529	22	21	122.006	572.208
530	22	22	120.667	570.953
531	22	24	125.273	574.497
532	22	25	122.92	576.023
533	22	26	126.184	581.361
534	22	27	125.328	581.931
535	22	28	124.72	580.304
536	22	29	127.45	583.151
537	22	31	125.512	581.332
538	22	32	128.118	585.906
539	22	33	128.133	586.344
540	22	34	123.325	584.549
541	22	35	122.36	584.133
542	22	36	124.196	585.749
543	22	37	128.909	587.675
544	24	3	217.385	440.329
545	24	4	217	439.335
546	24	5	214.841	441.176
547	24	6	210.65	444.585
548	24	7	208.073	447.89
549	24	8	207.598	448.429
550	24	9	210.488	444.513
551	24	10	209.02	446.735
552	24	11	208.017	446.047
553	24	12	205.937	447.37
554	24	13	203.543	449.605
555	24	14	202.099	451.284
556	24	15	200.967	452.9
557	24	16	199.464	453.423
558	24	17	202.172	445.791
559	24	18	199.912	448.162
560	24	19	198.196	450.945
561	24	20	198.349	447.082
562	24	21	196.348	449.337
563	24	22	193.262	448.203
564	24	23	195.927	438.731
565	24	24	195.823	438.781
566	24	26	197.344	436.446
567	24	27	196.927	437.563
568	24	28	196.23	437.988
569	24	29	196.233	435.846
570	24	30	198.279	433.512
571	24	31	196.168	433.556
572	24	32	197.975	432.004
573	24	33	198.505	431.897
574	24	34	199.17	427.727
575	24	35	199.393	428.445
576	26	8	508.446	570.795
577	26	9	508.83	568.677
578	26	10	507.85	574.676
579	26	11	506.708	571.619
580	26	12	508.572	564.232
581	26	13	510.493	565.004
582	26	14	520.919	565.693
583	26	15	520.619	558.416
584	26	16	522.021	561.233
585	26	17	519.919	564.328
586	26	18	518.012	563.464
587	26	19	520.788	563.395
588	26	20	519.368	559.702
589	26	21	519.482	558.509
590	26	22	520.714	558.547
591	26	23	521.603	560.837
592	26	24	520.437	564.322
593	26	25	521.61	567.397
594	26	26	521.438	573.214
595	26	27	522.308	571.846
596	26	28	521.545	574.174
597	26	29	521.373	570.482
598	26	30	522.457	570.301
599	26	31	521.182	573.352
600	26	32	522.817	573.994
601	26	35	523.07	576.362
602	26	36	522.281	577.497
603	26	37	522.917	578.315
604	26	38	520.906	582.56
605	26	39	521.656	583.38
606	26	40	523.001	583.923
607	26	41	522.846	583.779
608	26	42	523.813	582.43
609	26	43	522.376	586.426
610	26	44	523.323	584.694
611	26	45	523.922	582.207
612	26	46	523.897	584.295
613	26	47	523.162	584.743
614	26	48	523.053	584.493
615	26	49	522.143	590.922
616	26	53	520.958	589.089
617	26	54	520.818	590.467
618	26	55	519.045	594.241
619	26	56	519.454	592.858
620	26	57	520.259	593.472
621	26	58	521.334	593.456
622	26	59	522.695	589.993
623	26	60	523.383	590.26
624	26	61	523.75	588.195
625	26	62	525.75	586.228
626	26	63	525.393	583.3
627	26	64	527.541	574.493
628	26	65	527.592	572.03
629	26	66	527.157	570.651
630	26	67	527.198	575.311
631	26	68	525.952	572.193
632	26	69	527.273	569.603
633	26	70	526.056	569.271
634	26	71	526.346	572.563
635	26	72	526.295	571.748
636	26	73	525.974	575.966
637	26	74	526.135	571.311
638	26	75	526.096	573.887
639	26	76	526.748	573.277
640	26	77	526.505	573.853
641	26	78	526.307	575.06
642	26	79	526.594	576.195
643	26	80	528.495	580.892
644	26	81	529.199	582.074
645	26	82	529.533	585.056
646	26	83	531.242	591.171
647	26	84	527.754	596.832
648	26	85	528.462	597.222
649	26	86	528.769	594.02
650	26	87	527.674	596.859
651	26	88	527.664	593.142
652	26	89	526.765	597.884
653	26	90	527.721	597.398
654	26	91	526.633	597.594
655	26	92	527.079	596.927
656	26	93	522.456	608.595
657	26	94	521.91	609.438
658	26	95	523.493	606.228
659	26	96	523.709	606.735
660	43	32	521.794	563.75
661	43	33	523.109	564.338
662	43	34	523.814	568.572
663	43	35	522.436	563.327
664	43	36	522.757	566.36
665	43	37	524.494	560.128
666	43	38	523.11	566.174
667	43	39	523.201	568.619
668	43	40	524.043	565.69
669	43	41	524.84	567.588
670	43	42	525.749	565.821
671	43	43	523.055	564.226
672	43	44	523.991	564.408
673	43	45	524.087	568.576
674	43	46	523.543	570.746
675	43	47	523.474	570.488
676	43	48	523.181	573.067
677	43	49	522.454	577.52
678	43	50	522.25	579.519
679	43	51	521.528	585.362
680	43	52	522.504	584.163
681	43	53	524.55	581.75
682	43	54	524.83	578.622
683	43	55	523.68	578.367
684	43	56	525.215	578.074
685	43	57	524.555	579.684
686	43	58	524.956	577.199
687	43	59	525.986	574.995
688	43	60	525.821	575.413
689	43	61	525.91	575.334
690	43	62	527.475	573.355
691	43	65	525.02	583.222
692	43	66	525.664	585.047
693	43	67	523.825	589.338
694	43	68	524.628	587.332
695	43	69	525.355	585.06
696	43	70	523.865	588.871
697	43	71	525.182	584.803
698	43	72	524.512	585.662
699	43	73	524.308	586.133
700	43	74	524.643	586.814
701	43	75	526.288	587.9
702	43	76	526.483	587.765
703	43	77	525.831	589.15
704	43	78	526.602	593.274
705	43	79	524.971	597.458
706	43	80	523.101	602.398
707	43	81	520.088	609.213
708	43	82	521.293	607.995
709	43	83	521.763	608.16
710	43	84	520.897	609.391
711	43	85	521.624	610.5
712	43	86	521.96	607.175
713	43	87	520.353	610.581
714	43	88	520.304	611.581
715	43	89	519.93	612.974
716	43	90	520.306	613.619
717	43	91	519.863	616.764
718	43	92	520.583	617.8
719	43	93	518.865	626.153
720	43	94	517.564	629.781
721	43	95	519.346	624.228
722	43	96	518.603	626.111
723	47	36	223.573	453.845
724	47	37	224.847	455.145
725	47	38	223.119	457.945
726	47	39	224.084	457.791
727	47	40	223.39	458.399
728	47	41	221.562	459.616
729	47	42	222.847	459.328
730	47	43	223.893	461.085
731	47	44	225.966	462.216
732	47	45	226.541	462.673
733	47	46	230.597	463.964
734	47	47	230.475	465.277
735	47	48	231.495	465.347
736	47	49	232.215	466.539
737	47	50	232.883	466.856
738	47	51	227.837	466.619
739	47	52	222.628	467.429
740	47	53	220.866	468.301
741	47	54	220.646	468.309
742	47	55	221.437	468.203
743	47	56	220.889	468.149
744	47	57	221.929	469.215
745	47	58	225.1	469.675
746	47	59	229.775	471.313
747	47	60	231.809	472.51
748	47	61	228.413	472.274
749	47	62	229.71	472.925
750	47	63	232.655	474.382
751	47	64	239.13	473.788
752	47	65	241.827	474.954
753	47	66	246.746	475.309
754	47	67	244.891	476.375
755	47	68	245.466	477.19
756	47	69	248.562	477.468
757	47	70	250.47	478.199
758	47	71	259.91	475.998
759	47	72	259.418	476.81
760	47	73	261.709	477.105
761	47	74	261.862	476.359
762	47	75	265.983	474.57
763	47	76	264.788	474.797
764	47	77	262.78	475.13
765	47	78	260.48	476.604
766	47	79	260.893	475.954
767	47	80	259.6	477.215
768	47	81	259.438	477.445
769	47	82	263.416	475.956
770	47	83	262.583	475.966
771	47	84	262.874	474.968
772	47	85	261.856	475.872
773	47	86	256.778	477.235
774	47	87	254.979	477.484
775	47	88	253.937	477.759
776	47	89	257.225	476.96
777	47	90	256.548	477.723
778	47	91	253.377	479.052
779	47	92	253.746	477.67
780	47	93	251.353	478.831
781	47	94	252.766	478.078
782	47	95	251.066	479.37
783	47	96	249.403	477.704
784	48	37	113.732	582.249
785	48	38	121.235	585.099
786	48	39	122.847	584.62
787	48	40	123.752	584.679
788	48	41	123.929	586.158
789	48	42	121.618	584.738
790	48	43	118.588	584.375
791	48	44	118.445	585.672
792	48	45	119.52	584.437
793	48	46	118.53	586.537
794	48	47	122.533	587.432
795	48	48	121.311	586.393
796	48	49	119.491	586.008
797	48	52	123.097	587.07
798	48	53	119.546	582.439
799	48	54	118.932	582.956
800	48	55	125.558	585.871
801	48	56	118.382	581.689
802	48	57	113.903	580.411
803	48	58	111.831	576.274
804	48	59	108.644	574.222
805	48	60	105.594	573.081
806	48	61	105.542	576.493
807	48	62	107.592	577.282
808	48	63	109.399	585.626
809	48	64	109.289	587.82
810	48	65	105.662	582.693
811	48	66	104.652	584.164
812	48	67	107.273	588.471
813	48	68	107.602	586.489
814	48	69	107.678	589.923
815	48	70	106.754	589.109
816	48	71	113.833	594.328
817	48	72	113.275	595.505
818	48	73	115.804	596.928
819	51	48	457.648	570.305
820	51	49	458.755	570.143
821	51	50	458.823	570.849
822	51	54	459.51	576.541
823	51	55	460.279	573.969
824	51	56	459.466	572.758
825	51	57	459.759	573.218
826	51	58	459.523	574.415
827	51	59	457.919	574.738
828	51	60	457.971	576.171
829	51	61	459.34	576.014
830	51	62	460.775	577.292
831	51	63	457.223	577.755
832	51	64	455.706	577.262
833	51	65	456.53	576.229
834	51	66	458.471	576.031
835	51	67	455.6	574.09
836	51	68	454.56	573.649
837	51	69	458.625	575.537
838	51	70	456.951	574.852
839	51	71	465.563	576.021
840	51	72	467.998	575.726
841	51	73	469.501	576.678
842	51	74	470.793	575.891
843	51	75	471.545	575.308
844	51	76	477.878	577.03
845	51	77	486.422	578.543
846	51	78	483.935	578.943
847	51	79	478.522	576.571
848	51	80	479.074	576.314
849	51	81	482.224	577.867
850	51	82	482.18	576.827
851	51	83	483.858	576.485
852	51	84	488.355	576.643
853	51	85	494.749	576.186
854	51	86	492.181	577.793
855	51	87	475.28	575.197
856	51	88	487.171	576.716
857	51	89	483.417	576.714
858	51	90	480.679	574.65
859	51	91	481.159	574.75
860	51	92	497.605	573.626
861	51	93	491.038	575.211
862	51	94	484.383	575.148
863	51	95	494.987	573.232
864	51	96	483.235	574.28
865	62	69	388.011	459.916
866	62	70	387.437	458.896
867	62	71	386.695	457.382
868	62	72	385.673	456.71
869	62	73	385.638	456.299
870	62	74	385.238	456.315
871	62	75	383.182	456.107
872	62	76	382.442	456.699
873	62	77	378.271	457.703
874	62	78	375.268	459.242
875	62	79	378.225	456.957
876	62	80	379.43	455.546
877	62	81	380.381	455.435
878	62	82	379.813	455.078
879	62	83	380.383	454.289
880	62	84	378.305	453.85
881	62	85	385.17	450.098
882	62	86	379.63	451.498
883	62	87	379.234	451
884	62	88	381.674	450.086
885	62	89	377.332	451.639
886	62	90	379.747	448.099
887	62	91	375.499	451.053
888	62	92	386.001	444.188
889	62	93	380.721	446.238
890	62	94	381.826	444.569
891	62	95	372.951	448.855
892	62	96	378.43	445.871
